  2000040100
    0.356250E+03    0.550000E+02    0.000000E+00    0.280689E+03    0.994692E+05    0.280689E+03    0.496086E-02
    0.233348E+03    0.252294E+03    0.265836E+03    0.270686E+03    0.267566E+03    0.259602E+03    0.250620E+03    0.242764E+03    0.234888E+03    0.228055E+03
    0.224757E+03    0.223066E+03    0.221337E+03    0.217980E+03    0.216535E+03    0.216569E+03    0.215952E+03    0.214857E+03    0.214427E+03    0.214957E+03
    0.216287E+03    0.217041E+03    0.217977E+03    0.218219E+03    0.217855E+03    0.218078E+03    0.218814E+03    0.218601E+03    0.216915E+03    0.214844E+03
    0.213685E+03    0.215154E+03    0.219270E+03    0.224321E+03    0.229454E+03    0.234556E+03    0.239528E+03    0.243977E+03    0.247360E+03    0.250302E+03
    0.254712E+03    0.257868E+03    0.261030E+03    0.262634E+03    0.263404E+03    0.264864E+03    0.266696E+03    0.269236E+03    0.270854E+03    0.272340E+03
    0.273356E+03    0.274453E+03    0.275539E+03    0.276642E+03    0.277587E+03    0.278339E+03    0.278939E+03    0.279394E+03    0.279713E+03    0.279942E+03
    0.335757E-05    0.337584E-05    0.339257E-05    0.341225E-05    0.343073E-05    0.345537E-05    0.345373E-05    0.341430E-05    0.332193E-05    0.315900E-05
    0.300661E-05    0.288791E-05    0.279195E-05    0.271590E-05    0.267111E-05    0.264029E-05    0.260604E-05    0.257011E-05    0.250957E-05    0.247936E-05
    0.248216E-05    0.249758E-05    0.257351E-05    0.299325E-05    0.405847E-05    0.581165E-05    0.889336E-05    0.151104E-04    0.213095E-04    0.229983E-04
    0.212783E-04    0.305871E-04    0.495428E-04    0.812129E-04    0.134621E-03    0.201731E-03    0.302541E-03    0.492494E-03    0.682748E-03    0.755625E-03
    0.884372E-03    0.942814E-03    0.137184E-02    0.159580E-02    0.151274E-02    0.169803E-02    0.234866E-02    0.300550E-02    0.324011E-02    0.365400E-02
    0.405025E-02    0.423635E-02    0.419261E-02    0.430794E-02    0.443289E-02    0.457502E-02    0.473205E-02    0.483078E-02    0.490001E-02    0.496086E-02
    0.761369E-06    0.204527E-05    0.316090E-05    0.450476E-05    0.616191E-05    0.804011E-05    0.983851E-05    0.114689E-04    0.124035E-04    0.126714E-04
    0.127106E-04    0.123373E-04    0.117192E-04    0.110474E-04    0.104550E-04    0.994031E-05    0.945819E-05    0.898015E-05    0.841238E-05    0.765929E-05
    0.669020E-05    0.557640E-05    0.439845E-05    0.334714E-05    0.247983E-05    0.189416E-05    0.153844E-05    0.122350E-05    0.995260E-06    0.805218E-06
    0.632735E-06    0.463204E-06    0.287294E-06    0.190570E-06    0.173923E-06    0.156582E-06    0.138640E-06    0.120208E-06    0.104271E-06    0.964380E-07
    0.939991E-07    0.915689E-07    0.891673E-07    0.868141E-07    0.856321E-07    0.856123E-07    0.856123E-07    0.856123E-07    0.856123E-07    0.856123E-07
    0.856123E-07    0.856123E-07    0.856123E-07    0.856123E-07    0.856123E-07    0.856123E-07    0.856123E-07    0.856123E-07    0.856123E-07    0.856123E-07
    0.000000E+00    0.000000E+00    0.000000E+00    0.000000E+00    0.000000E+00    0.000000E+00    0.000000E+00    0.000000E+00    0.000000E+00    0.000000E+00
    0.000000E+00    0.000000E+00    0.000000E+00    0.000000E+00    0.000000E+00    0.000000E+00    0.000000E+00    0.000000E+00    0.000000E+00    0.000000E+00
    0.000000E+00    0.000000E+00    0.000000E+00    0.000000E+00    0.000000E+00    0.000000E+00    0.000000E+00    0.000000E+00    0.000000E+00    0.000000E+00
    0.000000E+00    0.156250E-01    0.132812E+00    0.140625E+00    0.179687E+00    0.132812E+00    0.125000E+00    0.320312E+00    0.554687E+00    0.351562E+00
    0.164062E+00    0.390625E-01    0.546875E-01    0.257812E+00    0.289062E+00    0.257812E+00    0.554687E+00    0.523437E+00    0.445312E+00    0.562500E+00
    0.640625E+00    0.218750E+00    0.171875E+00    0.937500E-01    0.468750E-01    0.000000E+00    0.000000E+00    0.000000E+00    0.000000E+00    0.000000E+00
    0.000000E+00    0.000000E+00    0.000000E+00    0.000000E+00    0.000000E+00    0.000000E+00    0.000000E+00    0.000000E+00    0.000000E+00    0.000000E+00
    0.000000E+00    0.000000E+00    0.000000E+00    0.000000E+00    0.000000E+00    0.000000E+00    0.000000E+00    0.000000E+00    0.000000E+00    0.000000E+00
    0.000000E+00    0.000000E+00    0.000000E+00    0.000000E+00    0.000000E+00    0.000000E+00    0.000000E+00    0.000000E+00    0.000000E+00    0.000000E+00
    0.000000E+00    0.000000E+00    0.000000E+00    0.000000E+00    0.000000E+00    0.000000E+00    0.000000E+00    0.000000E+00    0.000000E+00    0.000000E+00
    0.149012E-06    0.596046E-07    0.417233E-06    0.438094E-05    0.479817E-05    0.599027E-05    0.287890E-04    0.478923E-04    0.523031E-04    0.666678E-04
    0.655353E-04    0.260472E-04    0.169426E-04    0.117719E-04    0.597537E-05    0.149012E-06    0.819564E-07    0.335276E-07    0.372529E-08    0.000000E+00
    0.000000E+00    0.000000E+00    0.000000E+00    0.000000E+00    0.000000E+00    0.000000E+00    0.000000E+00    0.000000E+00    0.000000E+00    0.000000E+00
    0.000000E+00    0.000000E+00    0.000000E+00    0.000000E+00    0.000000E+00    0.000000E+00    0.000000E+00    0.000000E+00    0.000000E+00    0.000000E+00
    0.000000E+00    0.000000E+00    0.000000E+00    0.000000E+00    0.000000E+00    0.000000E+00    0.000000E+00    0.000000E+00    0.000000E+00    0.000000E+00
    0.000000E+00    0.745058E-08    0.670552E-07    0.149012E-06    0.193715E-06    0.484288E-06    0.111759E-05    0.452995E-05    0.100434E-04    0.176877E-04
    0.353903E-05    0.499189E-06    0.149757E-05    0.109971E-04    0.991672E-05    0.955164E-05    0.276975E-04    0.226870E-04    0.126772E-04    0.618771E-05
    0.707805E-06    0.000000E+00    0.000000E+00    0.000000E+00    0.000000E+00    0.000000E+00    0.000000E+00    0.000000E+00    0.000000E+00    0.000000E+00
  2000040100
    0.321250E+03    0.500000E+01    0.000000E+00    0.300449E+03    0.101141E+06    0.300449E+03    0.175050E-01
    0.225709E+03    0.240314E+03    0.250818E+03    0.259973E+03    0.264840E+03    0.264502E+03    0.259840E+03    0.253839E+03    0.248541E+03    0.245750E+03
    0.239354E+03    0.238739E+03    0.238512E+03    0.233312E+03    0.225809E+03    0.222828E+03    0.218576E+03    0.218462E+03    0.215203E+03    0.211924E+03
    0.208079E+03    0.202295E+03    0.197664E+03    0.196119E+03    0.190321E+03    0.191747E+03    0.198936E+03    0.206031E+03    0.213465E+03    0.220696E+03
    0.226971E+03    0.233327E+03    0.239433E+03    0.245274E+03    0.250649E+03    0.255680E+03    0.260360E+03    0.264396E+03    0.267874E+03    0.270915E+03
    0.273281E+03    0.274827E+03    0.278336E+03    0.280982E+03    0.283045E+03    0.284809E+03    0.286649E+03    0.288462E+03    0.290090E+03    0.291418E+03
    0.292578E+03    0.293642E+03    0.294447E+03    0.294716E+03    0.295344E+03    0.296298E+03    0.296981E+03    0.297507E+03    0.297893E+03    0.298186E+03
    0.329788E-05    0.330944E-05    0.330327E-05    0.325525E-05    0.317226E-05    0.297881E-05    0.286644E-05    0.269977E-05    0.258895E-05    0.255577E-05
    0.239426E-05    0.238433E-05    0.238173E-05    0.236278E-05    0.233755E-05    0.233625E-05    0.230472E-05    0.227610E-05    0.224231E-05    0.229324E-05
    0.217157E-05    0.235043E-05    0.240168E-05    0.241758E-05    0.178883E-05    0.238066E-05    0.631452E-05    0.152222E-04    0.384328E-04    0.618512E-04
    0.694985E-04    0.144611E-03    0.311833E-03    0.573428E-03    0.866030E-03    0.129297E-02    0.177692E-02    0.259630E-02    0.354592E-02    0.417526E-02
    0.494571E-02    0.611507E-02    0.696204E-02    0.782687E-02    0.897881E-02    0.100677E-01    0.110638E-01    0.120363E-01    0.130024E-01    0.139518E-01
    0.148044E-01    0.155202E-01    0.160821E-01    0.165064E-01    0.171692E-01    0.172274E-01    0.172881E-01    0.173377E-01    0.173965E-01    0.175050E-01
    0.795464E-06    0.210792E-05    0.313745E-05    0.418850E-05    0.532680E-05    0.665412E-05    0.819264E-05    0.991911E-05    0.114635E-04    0.128364E-04
    0.141929E-04    0.153514E-04    0.161192E-04    0.162701E-04    0.155870E-04    0.141438E-04    0.122494E-04    0.100458E-04    0.772769E-05    0.571126E-05
    0.383418E-05    0.228796E-05    0.135365E-05    0.754646E-06    0.431771E-06    0.252754E-06    0.193135E-06    0.145906E-06    0.121979E-06    0.108943E-06
    0.101201E-06    0.956706E-07    0.901207E-07    0.877109E-07    0.883026E-07    0.889198E-07    0.895591E-07    0.902163E-07    0.895301E-07    0.860295E-07
    0.810635E-07    0.761129E-07    0.712182E-07    0.670093E-07    0.652287E-07    0.652287E-07    0.652287E-07    0.652287E-07    0.652287E-07    0.652287E-07
    0.652287E-07    0.652287E-07    0.652287E-07    0.652287E-07    0.652287E-07    0.652287E-07    0.652287E-07    0.652287E-07    0.652287E-07    0.652287E-07
    0.000000E+00    0.000000E+00    0.000000E+00    0.000000E+00    0.000000E+00    0.000000E+00    0.000000E+00    0.000000E+00    0.000000E+00    0.000000E+00
    0.000000E+00    0.000000E+00    0.000000E+00    0.000000E+00    0.000000E+00    0.000000E+00    0.000000E+00    0.000000E+00    0.000000E+00    0.000000E+00
    0.000000E+00    0.000000E+00    0.000000E+00    0.000000E+00    0.000000E+00    0.992187E+00    0.867187E+00    0.750000E+00    0.554687E+00    0.273437E+00
    0.101562E+00    0.781250E-01    0.781250E-01    0.703125E-01    0.546875E-01    0.625000E-01    0.703125E-01    0.140625E+00    0.210937E+00    0.156250E+00
    0.101562E+00    0.125000E+00    0.125000E+00    0.148437E+00    0.226562E+00    0.289062E+00    0.312500E+00    0.328125E+00    0.359375E+00    0.406250E+00
    0.437500E+00    0.398437E+00    0.304687E+00    0.218750E+00    0.937500E-01    0.156250E-01    0.000000E+00    0.000000E+00    0.000000E+00    0.000000E+00
    0.000000E+00    0.000000E+00    0.000000E+00    0.000000E+00    0.000000E+00    0.000000E+00    0.000000E+00    0.000000E+00    0.000000E+00    0.000000E+00
    0.000000E+00    0.000000E+00    0.000000E+00    0.000000E+00    0.000000E+00    0.000000E+00    0.000000E+00    0.000000E+00    0.000000E+00    0.000000E+00
    0.000000E+00    0.000000E+00    0.000000E+00    0.000000E+00    0.000000E+00    0.000000E+00    0.000000E+00    0.000000E+00    0.000000E+00    0.000000E+00
    0.000000E+00    0.000000E+00    0.000000E+00    0.000000E+00    0.000000E+00    0.634696E-06    0.367314E-05    0.351965E-04    0.107720E-03    0.101388E-03
    0.497103E-04    0.334978E-04    0.275671E-04    0.294447E-04    0.393093E-04    0.472814E-04    0.451654E-04    0.426173E-04    0.448972E-04    0.493079E-04
    0.448227E-04    0.258088E-04    0.996888E-05    0.317395E-05    0.283122E-06    0.149012E-07    0.000000E+00    0.000000E+00    0.000000E+00    0.000000E+00
    0.000000E+00    0.000000E+00    0.000000E+00    0.000000E+00    0.000000E+00    0.000000E+00    0.000000E+00    0.000000E+00    0.000000E+00    0.000000E+00
    0.000000E+00    0.000000E+00    0.000000E+00    0.000000E+00    0.000000E+00    0.000000E+00    0.000000E+00    0.000000E+00    0.000000E+00    0.000000E+00
    0.000000E+00    0.000000E+00    0.000000E+00    0.000000E+00    0.000000E+00    0.189058E-06    0.422820E-06    0.403542E-05    0.162460E-04    0.166595E-04
    0.857934E-05    0.676513E-05    0.677258E-05    0.691414E-05    0.824034E-05    0.103638E-04    0.149906E-04    0.570118E-04    0.748932E-04    0.238568E-04
    0.156462E-06    0.000000E+00    0.000000E+00    0.000000E+00    0.000000E+00    0.000000E+00    0.000000E+00    0.000000E+00    0.000000E+00    0.000000E+00
    0.000000E+00    0.000000E+00    0.000000E+00    0.000000E+00    0.000000E+00    0.000000E+00    0.000000E+00    0.000000E+00    0.000000E+00    0.000000E+00
  2000040100
    0.281250E+03   -0.250000E+02    0.000000E+00    0.294021E+03    0.101519E+06    0.294021E+03    0.102337E-01
    0.220458E+03    0.241906E+03    0.258713E+03    0.266087E+03    0.263877E+03    0.258739E+03    0.256963E+03    0.250942E+03    0.245405E+03    0.241999E+03
    0.237916E+03    0.235357E+03    0.233915E+03    0.231005E+03    0.229222E+03    0.228609E+03    0.225050E+03    0.221762E+03    0.220220E+03    0.217156E+03
    0.212098E+03    0.205464E+03    0.202134E+03    0.200229E+03    0.200021E+03    0.202704E+03    0.206414E+03    0.210418E+03    0.215004E+03    0.219480E+03
    0.224169E+03    0.229272E+03    0.234436E+03    0.239290E+03    0.244777E+03    0.250054E+03    0.254596E+03    0.259058E+03    0.263156E+03    0.266860E+03
    0.270240E+03    0.273415E+03    0.276410E+03    0.279471E+03    0.282391E+03    0.284942E+03    0.286796E+03    0.287786E+03    0.287895E+03    0.284637E+03
    0.283905E+03    0.285162E+03    0.286801E+03    0.288203E+03    0.289303E+03    0.290222E+03    0.290940E+03    0.291486E+03    0.291899E+03    0.292223E+03
    0.323364E-05    0.324341E-05    0.322958E-05    0.317777E-05    0.305149E-05    0.284074E-05    0.265681E-05    0.244381E-05    0.227949E-05    0.221194E-05
    0.219953E-05    0.219283E-05    0.217986E-05    0.216604E-05    0.215521E-05    0.214940E-05    0.215976E-05    0.222799E-05    0.238990E-05    0.267566E-05
    0.295417E-05    0.323659E-05    0.440368E-05    0.352865E-05    0.243354E-05    0.245470E-05    0.260786E-05    0.657580E-05    0.128643E-04    0.244642E-04
    0.268588E-04    0.289778E-04    0.482762E-04    0.100197E-03    0.218068E-03    0.246673E-03    0.210690E-03    0.273983E-03    0.396765E-03    0.420170E-03
    0.505525E-03    0.612127E-03    0.936012E-03    0.140555E-02    0.185701E-02    0.201655E-02    0.201821E-02    0.216436E-02    0.247335E-02    0.558376E-02
    0.797081E-02    0.906242E-02    0.948359E-02    0.961133E-02    0.971100E-02    0.977779E-02    0.983707E-02    0.989765E-02    0.100026E-01    0.102337E-01
    0.816256E-06    0.214658E-05    0.317586E-05    0.433073E-05    0.572497E-05    0.733173E-05    0.902759E-05    0.107741E-04    0.121372E-04    0.131355E-04
    0.139978E-04    0.145033E-04    0.145946E-04    0.142759E-04    0.135844E-04    0.125118E-04    0.111380E-04    0.956533E-05    0.785674E-05    0.611365E-05
    0.422537E-05    0.260708E-05    0.153417E-05    0.815784E-06    0.410103E-06    0.207692E-06    0.174864E-06    0.146394E-06    0.126813E-06    0.113062E-06
    0.104577E-06    0.982421E-07    0.918012E-07    0.877471E-07    0.859467E-07    0.840684E-07    0.821224E-07    0.801212E-07    0.778046E-07    0.749257E-07
    0.717738E-07    0.686313E-07    0.655239E-07    0.629398E-07    0.618974E-07    0.618974E-07    0.618974E-07    0.618974E-07    0.618974E-07    0.618974E-07
    0.618974E-07    0.618974E-07    0.618974E-07    0.618974E-07    0.618974E-07    0.618974E-07    0.618974E-07    0.618974E-07    0.618974E-07    0.618974E-07
    0.000000E+00    0.000000E+00    0.000000E+00    0.000000E+00    0.000000E+00    0.000000E+00    0.000000E+00    0.000000E+00    0.000000E+00    0.000000E+00
    0.000000E+00    0.000000E+00    0.000000E+00    0.000000E+00    0.000000E+00    0.000000E+00    0.000000E+00    0.000000E+00    0.000000E+00    0.000000E+00
    0.000000E+00    0.000000E+00    0.000000E+00    0.000000E+00    0.000000E+00    0.000000E+00    0.000000E+00    0.000000E+00    0.000000E+00    0.000000E+00
    0.000000E+00    0.000000E+00    0.000000E+00    0.000000E+00    0.000000E+00    0.000000E+00    0.000000E+00    0.000000E+00    0.000000E+00    0.000000E+00
    0.000000E+00    0.000000E+00    0.000000E+00    0.000000E+00    0.000000E+00    0.000000E+00    0.000000E+00    0.000000E+00    0.000000E+00    0.375000E+00
    0.492187E+00    0.390625E+00    0.179687E+00    0.390625E-01    0.000000E+00    0.000000E+00    0.000000E+00    0.000000E+00    0.000000E+00    0.000000E+00
    0.000000E+00    0.000000E+00    0.000000E+00    0.000000E+00    0.000000E+00    0.000000E+00    0.000000E+00    0.000000E+00    0.000000E+00    0.000000E+00
    0.000000E+00    0.000000E+00    0.000000E+00    0.000000E+00    0.000000E+00    0.000000E+00    0.000000E+00    0.000000E+00    0.000000E+00    0.000000E+00
    0.000000E+00    0.000000E+00    0.000000E+00    0.000000E+00    0.000000E+00    0.000000E+00    0.000000E+00    0.000000E+00    0.000000E+00    0.000000E+00
    0.000000E+00    0.000000E+00    0.000000E+00    0.000000E+00    0.000000E+00    0.000000E+00    0.000000E+00    0.000000E+00    0.000000E+00    0.000000E+00
    0.000000E+00    0.000000E+00    0.000000E+00    0.000000E+00    0.000000E+00    0.000000E+00    0.000000E+00    0.000000E+00    0.000000E+00    0.150666E-03
    0.998378E-04    0.196099E-04    0.357628E-05    0.476837E-06    0.000000E+00    0.000000E+00    0.000000E+00    0.000000E+00    0.000000E+00    0.000000E+00
    0.000000E+00    0.000000E+00    0.000000E+00    0.000000E+00    0.000000E+00    0.000000E+00    0.000000E+00    0.000000E+00    0.000000E+00    0.000000E+00
    0.000000E+00    0.000000E+00    0.000000E+00    0.000000E+00    0.000000E+00    0.000000E+00    0.000000E+00    0.000000E+00    0.000000E+00    0.000000E+00
    0.000000E+00    0.000000E+00    0.000000E+00    0.000000E+00    0.000000E+00    0.000000E+00    0.000000E+00    0.000000E+00    0.000000E+00    0.000000E+00
    0.000000E+00    0.000000E+00    0.000000E+00    0.000000E+00    0.000000E+00    0.000000E+00    0.000000E+00    0.000000E+00    0.000000E+00    0.000000E+00
    0.000000E+00    0.000000E+00    0.000000E+00    0.000000E+00    0.000000E+00    0.000000E+00    0.000000E+00    0.000000E+00    0.000000E+00    0.000000E+00
    0.000000E+00    0.000000E+00    0.000000E+00    0.000000E+00    0.000000E+00    0.000000E+00    0.000000E+00    0.000000E+00    0.000000E+00    0.000000E+00
