
 Diagnostics of OI for Sound

   var             u (m/s)     n    k    v (m/s)     n    k    t (K)       n    k    q (kg/kg)   n    k

  Number:             3714                  3707                  3241                     0
 Minimum(n,k):     -13.7421   98   58    -15.2167   33   33     -4.9881   26   52  0.8889E+06    0    0
 Maximum(n,k):      15.1125  103   43     15.3268   92   37      4.9263   31   40 -0.8889E+06    0    0
 Average     :       0.3152                0.2241               -0.3299            0.0000E+00
    RMSE     :       3.5169                3.6534                1.5524            0.0000E+00

 Diagnostics of AO for Sound

   var             u (m/s)     n    k    v (m/s)     n    k    t (K)       n    k    q (kg/kg)   n    k

  Number:             3714                  3707                  3241                     0
 Minimum(n,k):     -14.4329  113   46    -15.6387   33   33     -4.5716   87    8  0.8889E+06    0    0
 Maximum(n,k):      13.3526  103   43     14.7025   92   37      6.0186   41   34 -0.8889E+06    0    0
 Average     :       0.0543                0.0207               -0.0027            0.0000E+00
    RMSE     :       3.3377                3.5007                1.2066            0.0000E+00

 Minimum of gridded analysis increments

 Lvl         u     i    j          v     i    j          t     i    j          p     i    j          q     i    j          

   1     -1.6994   18    6     -1.4041    8   20     -2.2540   42   33   -276.8499    7    2  0.0000E+00    1    1
   2     -1.8884   17    6     -1.5258    8   20     -2.4090   41   33   -273.7547    7    2  0.0000E+00    1    1
   3     -1.9886   17    6     -1.5846    8   20     -2.4208   41   33   -270.0991    7    2  0.0000E+00    1    1
   4     -2.0408   17    6     -1.6285    8   20     -2.2446   40   33   -265.6021    7    2  0.0000E+00    1    1
   5     -2.0203   17    6     -1.6736    8   20     -2.1205    8   36   -259.7033    7    2  0.0000E+00    1    1
   6     -1.9164   17    6     -1.7168    8   20     -1.6899    9   37   -252.4056    7    2  0.0000E+00    1    1
   7     -1.8219   18    5     -1.7297    8   19     -1.6690   11   26   -243.7126    7    2  0.0000E+00    1    1
   8     -1.7848   19    5     -1.6470    8   19     -2.0603   12   26   -232.9269    7    2  0.0000E+00    1    1
   9     -1.8048   19    5     -1.4638    9   19     -1.3760   12   26   -219.7719    7    2  0.0000E+00    1    1
  10     -1.8724   19    5     -1.2111    9   20     -1.5416   26   31   -204.3919    7    2  0.0000E+00    1    1
  11     -1.9391   18    5     -0.9505    9   20     -1.3929   26   30   -187.3535    7    2  0.0000E+00    1    1
  12     -1.9883    9    8     -1.1701   43    2     -1.2671   21   38   -169.0864    7    2  0.0000E+00    1    1
  13     -2.0591    7    9     -1.2776   43    2     -0.8554   28   14   -150.0226    7    2  0.0000E+00    1    1
  14     -2.1042    6    9     -1.2372   44    2     -0.9485   17   30   -131.6994    7    2  0.0000E+00    1    1
  15     -2.3268   39   35     -1.3187   24   31     -1.2234   18   21   -114.1034    7    2  0.0000E+00    1    1
  16     -2.5128   39   35     -1.4959   24   31     -1.5578   12   42    -97.4844    7    2  0.0000E+00    1    1
  17     -2.5140   39   35     -1.6815   12   29     -1.9198   15   28    -82.6641    7    2  0.0000E+00    1    1
  18     -2.3571   39   35     -2.0653   12   29     -2.7247   35   38    -69.3682    7    2  0.0000E+00    1    1
  19     -2.1182   38   35     -2.1786   11   27     -2.8581   36   37    -57.5963    7    2  0.0000E+00    1    1
  20     -1.8968   36   36     -2.0628   11   26     -3.4910    9   20    -47.0718    7    2  0.0000E+00    1    1
  21     -1.8215   35   36     -2.0092   10   21     -2.5968    7   20    -37.7950    7    2  0.0000E+00    1    1
  22     -1.7337   35   36     -1.8679   10   19     -2.7124   12   29    -29.6265    7    2  0.0000E+00    1    1
  23     -1.4228   37   35     -1.5573   10   18     -2.7971   31   26    -22.4274    7    2  0.0000E+00    1    1
  24     -1.0691   39   35     -1.4014   10   16     -3.0434   26   16    -16.1976    7    2  0.0000E+00    1    1
  25     -0.8414   40   35     -1.2343    9   16     -1.4192   18    9    -10.6599    7    2  0.0000E+00    1    1
  26     -1.0792   18   44     -0.9738    9   15     -0.7103   13    5     -5.9529    7    2  0.0000E+00    1    1
  27     -1.5568   19   44     -0.9409    7   16     -0.8405    8   12     -1.9382    7    2  0.0000E+00    1    1
 ALL     -2.5140               -2.1786               -3.4910             -276.8499            0.0000E+00

 Maximum of gridded analysis increments

 Lvl         u     i    j          v     i    j          t     i    j          p     i    j          q     i    j          

   1      1.0916   21   15      1.7620   15    2      3.2720    9   42    308.0874   40   41  0.0000E+00    1    1
   2      1.2992   21   15      1.9503   15    2      2.6740    7   42    304.6662   40   41  0.0000E+00    1    1
   3      1.4821   22   15      2.0624   15    2      2.0955    4   42    300.6240   40   41  0.0000E+00    1    1
   4      1.6863   22   15      2.1570   15    2      1.7482   34   22    295.6499   40   41  0.0000E+00    1    1
   5      1.9206   22   15      2.2470   15    2      1.6460   35   22    289.1227   40   41  0.0000E+00    1    1
   6      2.1160   21   15      2.3132   15    2      1.4882   36   21    281.0432   40   41  0.0000E+00    1    1
   7      2.1830   21   15      2.3181   15    2      1.7426    7   15    271.4131   40   41  0.0000E+00    1    1
   8      2.0925   21   15      2.2507   15    3      2.1183    8   16    259.4596   40   41  0.0000E+00    1    1
   9      1.8882   20   15      2.1546   15    3      2.2934    9   17    244.8788   40   41  0.0000E+00    1    1
  10      1.5831   20   15      2.0616   15    4      2.0803    8   17    227.8295   40   41  0.0000E+00    1    1
  11      1.3706   29   28      2.0065   15    5      1.8018    6   17    208.9317   40   41  0.0000E+00    1    1
  12      1.3554   28   28      1.9819   15    5      1.7286    5   18    188.6513   40   41  0.0000E+00    1    1
  13      1.4534   28   28      2.1026   33   40      1.8636    4   20    167.4515   40   41  0.0000E+00    1    1
  14      1.7035   25   29      2.2968   33   40      2.0056    4   21    147.0321   40   41  0.0000E+00    1    1
  15      2.0485   25   29      2.5618   32   40      1.9619    5   21    127.3908   40   41  0.0000E+00    1    1
  16      2.3714   26   28      2.9560   32   40      1.5415    7   20    108.8348   40   41  0.0000E+00    1    1
  17      2.5855   26   28      3.3882   32   40      0.9798   33   19     92.2907   40   41  0.0000E+00    1    1
  18      2.6733   29   27      3.6517   32   39      0.8121   31   19     77.4488   40   41  0.0000E+00    1    1
  19      2.7957   33   26      3.4665   32   39      0.7256    5    1     64.3084   40   41  0.0000E+00    1    1
  20      2.9688   25    8      2.8177   31   39      0.5607    4    1     52.5596   40   41  0.0000E+00    1    1
  21      2.9245   25    8      2.1467   22   20      1.5874   23   18     42.2022   40   41  0.0000E+00    1    1
  22      2.4037   26    7      1.7619   22   19      1.5871   15   22     33.0816   40   41  0.0000E+00    1    1
  23      1.9205   25    7      1.4373   21   20      0.5490   29   32     25.0431   40   41  0.0000E+00    1    1
  24      1.6465   24    7      1.0700   21   20      1.3659   29   32     18.0867   40   41  0.0000E+00    1    1
  25      1.3955   24    7      0.8530   21   22      2.1536   31   29     11.9032   40   41  0.0000E+00    1    1
  26      1.1868   24    6      0.9653   21   22      3.3457   32   26      6.6473   40   41  0.0000E+00    1    1
  27      1.1670   16    7      1.1218   22   21      1.5573   26   14      2.1642   40   41  0.0000E+00    1    1
 ALL      2.9688                3.6517                3.3457              308.0874            0.0000E+00

 Mean of gridded analysis increments

 Lvl        u           v           t           p           q

   1     -0.3329     -0.0762      0.1339     95.9400  0.0000E+00
   2     -0.3591     -0.0718      0.1129     94.8754  0.0000E+00
   3     -0.3670     -0.0617      0.0800     93.6176  0.0000E+00
   4     -0.3626     -0.0464      0.0551     92.0697  0.0000E+00
   5     -0.3366     -0.0233      0.0565     90.0385  0.0000E+00
   6     -0.2895      0.0077      0.1119     87.5243  0.0000E+00
   7     -0.2446      0.0437      0.1760     84.5274  0.0000E+00
   8     -0.2102      0.0912      0.1615     80.8071  0.0000E+00
   9     -0.1976      0.1450      0.1194     76.2685  0.0000E+00
  10     -0.2070      0.1973      0.1174     70.9609  0.0000E+00
  11     -0.2278      0.2352      0.1505     65.0775  0.0000E+00
  12     -0.2321      0.2441      0.1791     58.7635  0.0000E+00
  13     -0.1929      0.2243      0.2234     52.1628  0.0000E+00
  14     -0.1040      0.1909      0.2569     45.8039  0.0000E+00
  15      0.0131      0.1621      0.2092     39.6861  0.0000E+00
  16      0.1238      0.1464     -0.0110     33.9058  0.0000E+00
  17      0.2181      0.1519     -0.4118     28.7522  0.0000E+00
  18      0.3148      0.1773     -0.9061     24.1286  0.0000E+00
  19      0.4150      0.1969     -1.2809     20.0349  0.0000E+00
  20      0.4638      0.1667     -1.1464     16.3747  0.0000E+00
  21      0.4003      0.0785     -0.7140     13.1479  0.0000E+00
  22      0.2993     -0.0040     -0.5690     10.3064  0.0000E+00
  23      0.2660     -0.0361     -0.7336      7.8021  0.0000E+00
  24      0.2691     -0.0433     -0.5137      5.6349  0.0000E+00
  25      0.2072     -0.0135      0.1987      3.7084  0.0000E+00
  26      0.1125      0.0476      0.7879      2.0709  0.0000E+00
  27      0.0751      0.1105      0.1116      0.6743  0.0000E+00
 ALL     -0.0180      0.0830     -0.1128     47.9505  0.0000E+00

 RMSE of gridded analysis increments

 Lvl        u           v           t           p           q

   1      0.6347      0.5863      1.1776    152.0714  0.0000E+00
   2      0.7041      0.6547      0.9953    150.3807  0.0000E+00
   3      0.7448      0.6972      0.8681    148.3831  0.0000E+00
   4      0.7772      0.7312      0.8064    145.9251  0.0000E+00
   5      0.8026      0.7550      0.7486    142.6997  0.0000E+00
   6      0.8196      0.7613      0.6636    138.7077  0.0000E+00
   7      0.8228      0.7488      0.6796    133.9501  0.0000E+00
   8      0.7998      0.7177      0.7241    128.0456  0.0000E+00
   9      0.7630      0.6843      0.6735    120.8432  0.0000E+00
  10      0.7348      0.6654      0.6305    112.4215  0.0000E+00
  11      0.7348      0.6760      0.6402    103.0885  0.0000E+00
  12      0.7659      0.7030      0.6114     93.0758  0.0000E+00
  13      0.8196      0.7285      0.5723     82.6125  0.0000E+00
  14      0.8979      0.7651      0.6189     72.5365  0.0000E+00
  15      0.9973      0.8432      0.6462     62.8457  0.0000E+00
  16      1.0808      0.9522      0.6381     53.6909  0.0000E+00
  17      1.0989      1.0528      0.8150     45.5289  0.0000E+00
  18      1.0980      1.1275      1.1884     38.2067  0.0000E+00
  19      1.1692      1.1481      1.5080     31.7240  0.0000E+00
  20      1.2630      1.0821      1.4142     25.9280  0.0000E+00
  21      1.1890      0.9437      1.0967     20.8185  0.0000E+00
  22      0.9962      0.7833      0.9019     16.3192  0.0000E+00
  23      0.8074      0.6182      0.9244     12.3538  0.0000E+00
  24      0.6627      0.4902      0.8780      8.9222  0.0000E+00
  25      0.5662      0.4092      0.8502      5.8719  0.0000E+00
  26      0.5516      0.4044      1.2356      3.2791  0.0000E+00
  27      0.6644      0.5198      0.5601      1.0676  0.0000E+00
 ALL      0.8717      0.7748      0.8922     93.2208  0.0000E+00
