00000000000000000000000000000000000000000000000000000000000000000000000000000000
00000000000000000000000000000000000000000000000000000000000000000000000000000000
00000000000000000000000000000000000000000000000000000000000000000000000000000000
00000000000000000000000000000000000000000000000000000000000000000000000000000000
00000000000000000000000000000000000000000000000000000000000000000000000000000000
00000000000000000000000000000000000000000000000000000000000000000000000000000000
00000000000000000000000000000000000000000000000000000000000000000000000000000000
00000000000000000000000000000000000000000000000000000000000000000000000000000000
00000000000000000000000000000000000000000000000000000000000000000000000000000000
00000000000000000000000000000000000000000000000000000000000000000000000000000000
00000000000000000000000000000000000000000000000000000000000000000000000000000000
00000000000000000000000000000000000000000000000000000000000000000000000000000000
00000000000000000000000000000000000000000000000000000000000000000000000000000000
00000000000000000000000000000000000000000000000000000000000000000000000000000000
00000000000000000000000000000000000000000000000000000000000000000000000000000000
00000000000000000000000000000000000000000000000000000000000000000000000000000000
00000000000000000000000000000000000000000000000000000000000000000000000000000000
00111111111111111111111111111111111000000000000000000000000000000000000000000000
00000000000000000000000000000000000000000000000000000000000000000000000000000000
00000000000000000000000000000000000000000000000000000000000000000000000000000000
00000000000000000000000000000000000000000000000000000000000000000000000000000000
00000000000000000000000000000001111111111111111111111111111111111111111111111111
11111000000000000000000000000000000000000000000000000000000000000000000000000000
00001111111111111111111111111111100000000000000000000000000000000000000000000000
00000000000000000000000000000000000000000000000000000000000000000000000000000000
00000000000000000000000000000000000000000000000000000000000000000111111111111111
11111111111111111111111111111111111111111111111111100000000000000000000000000000
00000000000000000000000000000000000011111111111111111111111111111111111111111111
11111111100000000000000000000000000000000000000000000000000000000000000000000000
00000000000000000000000000000000000000000000000000000000000000000000000000000000
00000000000000000111111111111111111111111111111111111111111111111111111111111111
11111111111111100000000000000000000000000000000000011111110000000000000011111111
11111111111111111111111111111111111111111111111111111111100000000000000000000000
00000000000000000000000000000000000000000000000000000000000000000000000000000000
00000000000000000000000000000000000000000000000000001111111111111111111111111111
11111111111111111111111111111111111111111111111111111111000000000000000000000000
11111111111111111111111111111111111111111111111111111111111111111111111111111111
11111111111111111111111111111111111110000000000000000000000000000000000000000000
00000000000000000000000000000000000000000000000000000000000000000000000000000000
00000000111111111111111111111111111111111111111111111111111111111111111111111111
11111111111111110000000000000000000000001111111111111111111111111111111111111111
11111111111111111111111111111111111111111111111111111111111111111111111111111111
11000000000000000000000000000000000000000000000000000000000000000000000000000000
00000000000000000000000000000000000111111111111111111111111111111111111111111111
11111111111111111111111111111111111111111111111111111111111111111111111110011111
11111111111111111111111111111111111111111111111111111111111111111111111111111111
11111111111111111111111111111111111111111111111111111111111111111111111000000000
00000000000000000000000000000000000000000000000000000000000000000001111111111111
11111111111111111111111111111111111111111111111111111111111111111111111111111111
11111111111111111111111111111111111111111111111111111111111111111111111111111111
11111111111111111111111111111111111111111111111111111111111111111111111111111111
11111111111111111111111111111111111000000000000000000000000000000000000000000000
00000000000000000000000011111111111111111111111111111111111111111111111111111111
11111111111111111111111111111111111111111111111111111111111111111111111111111111
11111111111111111111111111111111111111111111111111111111111111111111111111111111
11111111111111111111111111111111111111111111111111111111111111111111111111111000
00000000000000000000000000000000000000000000000000000000000000111111111111111111
11111111111111111111111111111111111111111111111111111111111111111111111111100000
01111111111111111111111111111111111111111111111111111111111111111111111111111111
11111111111111111111111111111111111111111111111111111111111111111111111111111111
11111111111111111111111111111111111111100000000000000000000000000000000000000000
00000000000000000000111111111111111111111111111111111111111111111111111111111111
11111111111111111111111111111111100000001111111111111111111111111111111111111111
11111111111111111111111111111111111110000011111111111111111111111111111111111111
11111111111111111111111111111111111111111111111111111111111111111111111111111110
00000000000000000000000000000000000000111111111110000000000011111111111111111111
11111111111111111111111111111111111111111111111111111111111111111111111110000000
11111111111111111111111111111111111111111111111111111111111111111111111111111101
11111111111111111111111111111111111111111111111111111111111111111111111111111111
11111111111111111111111111111111111111111111111111000111111111111111111001111111
11111111111111000000011111111111111111111111111111111111111111111111111111111111
11111111111111111111111111111111000000000111111111111111111111111111111111111111
11111111111111111111111111111111111111111111111111111111111111111111111111111111
11111111111111111111111111111111111111111111111111111111111111111111111111111111
11111111111111111111111111111111111111111111111111111111100000111111111111111111
11111111111111111111111111111111111111111111111111111111111111111111111000000000
00001111111111111111111111111111111111111111111111111111111111111111111111111111
11111111111111111111111111111111111111111111111111111111111111111111111111111111
11111111111111111111111111111111111111111111111111111111111111111111111111111111
11111111111111111100001111111111111111111111111111111111111111111111111111111111
11111111111111111111111111111111111000000000001111111111111111111111111111111111
11111111111111111111111111111111111111111111111111111111111111111111111111111111
11111111111111111111111111111111111111111111111111111111111111111111111111111111
11111111111111111111111111111111111111111111111111111111111111111111111111111111
11111111111111111111111111111111111111111111111111111111111111111111111111111100
00001111111111111111111111111111111111111111111111111111111111111111111111111111
11111111111111111111111111111111111111111111111111111111111111111111111111111111
11111111111111111111111111111111111111111111111111111111111111111111111111111111
11111111111111111111111111111111111111000011111111111111111111111111111111111111
11111111111100001111111111111111111111110000111111111111111111111111111111111111
11111111111111111111111111111111111111111111111111111111111111111111111111111111
11111111111111111111111111111111111111111111111111111111111111111111111111111111
11111111111111111111111111111111111111111111111111111111111111111111111111111111
00111111111111111111111111111111111111111111111111111011111111111111111111111111
11111111111111111111111111111111111111111111111111111111111111111111111111111111
11111111111111111111111111111111111111111111111111111111111111111111111111111111
11111111111111111111111111111111111111111111111111111111111111111111111111111111
11111111111111111111111111111111111111111111111111111111111111111111111111111111
11111111111110111111111111111111111111111111111111111111111111111111111111111111
11111111111111111111111111111111111111111111111111111111111111111111111111111111
11111111111111111111111111111111111111111111111111111111111111111110111111111111
11111111111111111111111111111111111111111111111111111111111111111111111111111111
11111111111111111111111111111111111111111111111111111111111111111111111111111111
11111111111111111111111111111111111111111011111111111111111111111111111111111111
11111111111111111111111111111111111111111111111111111111111111111111111111111111
11111111111111111111111111111111111111111111111111111111111111111111111111111111
11111111111111111111111111111111111111111111111111111111111111111111111111111111
11111111111111111111111111111111111111111111111111111111111111111111111111111111
11111111111111111111111111111111111111111111111111111111111111111111111111111111
11111111111111111111111111111111111111111111111111111111111111111111111111111111
11111111111111111111111111111111111111111111111111111111111111111111111111111111
11111111111111111111111111111111111111111111111111111111111111111111111111111111
11111111111111111111111111111111111111111111111111111111111111111111111111111111
11111111111111111111111111111111111111111111111111111111111111111111111111111111
11111111111111111111111111111111111111111111111111111111111111111111111111111111
11111111111111111111111111111111111111111111110111111111111111111111111111111111
11111111111111111111111111111111111111111111111111111111111111111111111111111111
11111111111111111111111111111111111111111111111111111111111111111111111111111111
11111111111111111111111111111111111111111111111111111111111111111111111111111111
11111111111111111111111111111111111111111111111111111111111111111111111111111111
11111111111111111111111111111111111111111111111111111111111111111111111111111111
11111111111111111111111111111111111111111111111111111111111111111111111111111111
11111111111111111111111111111111111111111111111111111111111111111111111111111111
11111111111111111111111111111111111111111111111111111111111111111111111111111111
11111111111111111111111111111111111111111111111111111111111111111111111111111111
11111111111111111111111001111111111111111111111111111111111111111111111111111111
11111111111111111111111111111111111111111111111111111111111111111111111111111111
11111111111111111111111111111111111111111111111111111111111111111111111111111111
11111111111111111111111111111111111111111111111111111111111111111111111111111111
11111111111111111111111111111111111111111111111111111111111111100111111111111111
11111111111111111111111111111111111111111111111111111111111111111111111111111111
11111111111111111111111111111111111111111111111111111111111111111111111111111111
11111111111111111111111111111111111111111111111111111111111111111111111111111111
11111111111111111111111111111111111111111111111111111111111111111111111111111111
11111111111111111111100001111111111111111111111101111111111111111111111111111111
11111111111111111111111111111111111111111111111111111111111111111111111111111111
11111111111111111111111111111111111111111111111111111111111111111111111111111111
11111111111111111111111111111111111111111111111111111111111111111111111111111111
11111111111111111111111111111111111111111111111111111111111110000111111111111111
11111000000111111111111111111111111111111111111111111111111111111111111111111111
11111111111111111111111111111111111111111111111111111111111111111111111111111111
11111111111111111111111111111111111111111111111111111111111111111111111111111111
11111111111111111111111111111111111111111111111111111111111111111111111111111111
11111111111111111111100000111111111111111111000000000000111000000111111111111111
11111111111111111111111111111111111111111111111111111111111111111111111111111111
11111111111111111111111111111111111111111111111111111111111111111111111111111111
11111111111111100000011111111111111111111111111111111111111111111111111111111111
11111111111111111111111111111111111111111111111111111111111111100001111111111111
11100000000000000000000001111111111111111111111111111111111111111111111111111111
11111111111111111111111111111111111111111111111111111111111111111111111111111111
11111111111111111111111111111111111111111111111111111111111001111111111111111111
11111111111111111111111111111111111111111111111111111111111111111111111111111111
11111111111111111111111111000111111111111000000000000000000000000111111111111111
11111111111111111111111111111111111111111111111111111111111111111111111111111111
11111111111111111111111111111111111111111111111111111111111111111111111111111111
11111111111111111111111111111111111111111111111111111111111111111111111111111111
11111111111111111111111111111111111111111111111111111111111111111110000000000000
00000000000000000000000000111111111111111111111111111111111111111111111111111111
11111111111111111111111111111111111111111111111111111111111111111111111111111111
11111111111111111111111111111111111111111111111111111111111111111111111111111111
11111111111111110111111111111111111111111111111111111111111111111111111111111111
11111111111111111111111111110000000000000000000000000000000000001111111111111111
11111111111111111111111111111111111111111111111111111111111111111111111111111111
11111111111111111111111111111111111111111111111111111111111111111111100111111111
11111111111111111111111111111111111111111111111111111100000011111111111111111111
11111111111111111111111111111111111111111111111111111111111111111111000000000000
00000000000000000000000111111111111111111111111111111111111111111111111111111111
11111111111111111111111111111111111111111111111111111111111111111111111111111111
11111111111111111111111111111101111111111111111111111111111111111111111111111111
11111111111000000000011111111111111111111111111111111111111111111111111111111111
11111111111111111111111111110000000000000000000000000000000000111111111111111111
11111111111111111111111111111111111111111111111111111111111111111111111111111111
11111111111111111111111111111111111111111111111111111111111111111111110111111111
11111111111111111111111111111111111111111111100000000000000000111111111111111111
11111111111111111111111111111111111111111111111111111111111111111111111000000000
00000000000000000000001111111111111111111111111111111111111111111111111111111111
11111111111111111111111111111111111111111111111111111111111111111111111111111111
11111111111111111111111111111111111111111111111111111111111111111111111101111111
11100000000000000000000011111111111111111111111111111111111111111111111111111111
11111111111111111111111111111111100000000000000000000000000000111111111111111111
11111111111111111111111111111111111111111111111111111111111111111111111111111111
11111111111111111111111111111111111111111111111111111111111111111111111111111111
11111100111111111111111111111110000000000000000000000000000000000111111111111111
11111111111111111111111111111111111111111111111111111111111111111111111111000000
00000000000000000000000111111111111111111111111111111111111111111111111111111111
11111111111111111111111111111111111111111111111111111111111111111111111111111111
11111111111111111111111111111111111111111111000001111111111111111111110000000000
00000000000000000000000000111111111111111111111111111111111111111111111111111111
11111111111111111111111111111111111000000000000000000000000000001111111111111111
11111111111111111111111111111111111111111111111111111111111111111111111111111111
11111111111111111111111111111111111111111111111111111111111111111111111111111111
00000000000011111001111111111000000000000000000000000000000000000011111111111111
11111111111111111111111111111111111111111111111111111111111111111111111111100000
00000000000000000000000001111111111111111111111111111111111111111111111111111111
11111111111111111111111111111111111111111111111111111111111111111111111111111111
11111111111111111111111111111111111111000000000000000000000000111100000000000000
00000000000000000000000000001111111111111111111111111111111111111111111111111111
11111111111111111111111111111111111000000000000000000000000000000001111111111111
11111111111111111111111111111111111111111111111111111111111111111111111111111111
11111111111111111111111111111111111111111111111111111111111111111111111111111100
00000000000000000000000000000000000000000000000000000000000000000000011111111111
11111111111111111111111111111111111111111111111111111111111111111111111111100000
00000000000000000000000000111111111111111111111111111111111111111111111111111111
11111111111111111111111111111111111111111111111111111111111111111111111111111111
11111111111111111111111111111111111111000000000000000000000000000000000000000000
00000000000000000000000000000011111111111111111111111111111111111111111111111111
11111111111111111111111111111111110000000000000000000000000000000011111111111111
11111111111111111111111111111111111111111111111111111111111111111111111111111111
11111111111111111111111111111111111111111111111111111111111111111111111111111000
00000000000000000000000000000000000000000000000000000000000000000000000111111111
11111111111111111111111111111111111111111111111111111111111111111111111110000000
00000000000000000000000001111111111111111111111111111111111111111111111111111111
11111111111111111111111111111111111111111111111111111111111111111111111111111111
11111111111111111111111111111111111110000000000000000000000000000000000000000000
00000000000000000000000000000001111111111111111111111111111111111111111111111111
11111111111111111111111111111100000000000000000000111111100000000111111111111111
11111111111111111111111111111111111111111111111111111111111111111111111111111111
11111111111111111111111111111111111111111111111111111111111111111111111111100000
00000000000000000000000000000000000000000000000000000000000000000000000111111111
11111111111111111111111111111111111111111111111111111111111111111110000000000000
00000000011111111100000001111111111111111111111111111111111111111111111111111111
11111111111111111111111111111111111111111111111111111111111111111111111111111111
11111111111111111111111111111111000000000000000000000000000000000000000000000000
00000000000000000000000000000001111111111111111111111111111111111111111111111111
11111111111111111111111111000000000000000000000011111111111000000011111111111111
11111111111111111111111111111111111111111111111111111111111111111111111111111111
11111111111111111111111111111111111111111111111111111111111111111111111000000000
00000000000000000000000000000000000000000000000000000000000000000000000011111111
11111111111111111111111111111111111111111111111111111111111111111000000000000000
00000001111111111111000001111111111111111111111111111111111111111111111111111111
11111111111111111111111111111111111111111111111111111111111111111111111111111111
11111111111111111111111111111100000000000000000000000000000000000000000000000000
00000000000000000000000000000000111111111111111111111111111111111111111111111111
11111111111111110001110000000000000000000000000111111111111100000111111111111111
11111111111111111111111111111111111111111111111111111111111111111111111111111111
11111111111111111111111111111111111111111111111111111111111111111111000000000000
00000000000000000000000000000000000000000000000000000000000000000000000011111111
11111111111111111111111111111111111111111111111111111110000000000000000000000000
00000001111111111111000001111111111111111111111111111111111111111111111111111111
11111111111111111111111111111111111111111111111111111111111111111111111111111111
11111111111111111111111111110000000000000000000000000000000000000000000000000000
00000000000000000000000000000000111111111111111111111111111111111111111111111111
11111111111110111100000000000000000000000000000111111111111001111111111111111111
11111111111111111111111111111111111111111111111111111111111111111111111111111111
11111111111111111111111111111111111111111111111111111111111111111110000000000000
00000000000000000000000000000000000000000000000000000000000000000000000011111111
11111111111111111111111111111111111111111111111111101111111100000000000000000000
00000000111111111111111111111111111111111111111111111111111111111111111111111111
11111111111111111111111111111111111111111111111111111111111111111111111111111111
11111111111111111111111111100000000000000000000000000000000000000000000000000000
00000000000000000000000000000000011111111111111111111111111111111111111111111111
11111111111111111111100000000000000000000000000001111111111111111111111111111111
11111111111111111111111111111111111111111111111111111111111111111101111111111111
11111111111111111111111111111111111111111111111111111111111111111100000000000000
00000000000000000000000000000000000000000000000000000000000000000000000000111111
11111111111111111111111111111111111111111111111111111111111110000000000000000000
00000000000111110011111111111111111111111111111111111111111111111111111111111111
11111111111111111111111111000111111111111111100111111111111111111111111111111111
11111111111111111111111111000000000000000000000000000000000000111000000000000000
00000000000000000000000000000000001111111111111111111111111111111111111111111111
11111111111111111111110000000000000000000000000000000000001111111111111111111111
11111111111111111111111111111111111111111111111111111111111111111100001111111111
11000001111111111111111111111111111111111111111111111111111111111100000000000000
00000000000000000001111111100000000000000000000000000000000000000000000000011111
11111111111111111111111111111111111111111111111111111111111111000000000000000000
00000000000000000011111111111111111111111111111111111111111111111111111111111111
11111111111111111111111110000001111111111111111111111111111111111111111111111111
11111111111111111111111111000000000000000000000000000000001111111111000000000000
00000000000000000000000000000000000011111111111111111111111111111111111111111111
11111111001111111111110000000000000000000000000000000000001111111111111111111111
11111111111111111111111111111111111111111111111111111111111111111000001111111111
11111111111111111111111111111111111111111111111111111111111111111110000000000000
00000000000000000011111111110000000000000000000000000000000000000000000000000011
11111111111111111111111111111111111111111111100000011111111110000000000000000000
00000000000000000001111111111111111111111111111111111111111111111011111111111111
11111111111111111111111000000111111111111111111111111111111111111111111111111111
11111111111111111111111111110000011100000000000000000000001111111111100000000000
00000000000000000000000000000000000000001111111111111111111111111111111111111111
11111100000111111111000000000000000000000000000000000000000111111111111111111111
11111111100111110111111100111111111111111111111111111111111111100000111111111111
11111111111111111111111111111111111111111111111111111111111111111111000111111100
00000000000000000111111111111000000000000000000000000000000000000000000000000000
00111111111111111111111111111111111111111111111000000111111000000000000000000000
00000000000000000001111111111100001111111111111110000000000000000001111111111111
11111111111111111111110000001111111111111111111111111111111111111111111111111111
11111111111111111111111111110011111111100000000000000000001111111111100000000000
00000000000000000000000000000000000000000000111111111111111111111111111111111111
11111111000000000000000000000000000000000000000000000000000111111111110000001111
11111111110000000000000000001111111111111111111111111111111111000000111111111111
11111111111111111111111111111111111111111111111111111111111111111111011111111111
00000000000000000011111111110000000000111111000000000000000000000000000000000000
00001111111111111111111111111111111111111111111100000000000000000000000000000000
00000000000000000001111111111000000000111111111111100000000000000000111111111111
11111111111111111111110000001111111111111111111111111111111111111111111111111111
11111111111111111011111111110111111111110000000000000000000111111110000000000111
11111000000000000000000000000000000000000000011111111111111111111111111111111111
11111111100000000000000000000000000000000000000000000000000011111111000000000011
11111111111000000000000000001111111111111111111111111111111110000000111111111111
11111111111111111111111111111111111111111111111111111111101111111110011111111111
00000111100000000000111111000000000011111111111100000000000000000000000000000000
00000011111111111111111111111111111111111111111100000000000000000000000000000000
00000000000000000000001111100000000000011111111111100000000000000000111111111111
11111111111111111111000000001111111111111111111111111111111111111111111111111111
11111111111111110001111111000111111111110000111111100000000000000000000000001111
11111111100000000000000000000000000000000000000001111111111111111111111111111111
11111111011111111100000000000000000000000000000000000000000000000000000000000000
01111111111000000000000000001111111111111111111111111111111100000000111111111111
11111111111111111111111111111111111111111111111111111110000000000000001111111110
00011111111100000000000000000000000011111111111111000000000000000000000000000000
00000000011111111111111111111111111111111111111111111111111110000000000000000000
00000000000000000000000000000000000000000111111111100000000000000000011111111111
11111111111111111110000000001111111111111111111111111111111111111111111111111111
11111111101110000000000000000011111111100011111111110000000000000000000000001111
11111111111000000000000000000000000000000000000001111111111111111111111111111111
11111111111111111111110000000000000000000000000000000001111100000000000000011111
11111111111000000000000000000011111111111111111100000111110000000000111111111111
11111111111111111111111111111111111111111011111000000000000000000000000011111000
00111111111100000000000000000000000011111111111111100000000000000000000000000000
00000000001111111111111111111111111111111111111111111111111111000000000000000000
00000000000000111111110000000000001111111111111111000000000000000000011111111111
11111111100000000000000000001111111111111111111111111011111111111111111111111111
00000000000000000000000000000000000000000011111111110000000000000000000000000111
11111111111000000000000000000000000000000000000000011111111111111111111111111111
11111111111111111111111000000000000000000000000000000111111111111100000001111111
11111111000000000000000000001111111111111111111110000000000000000000111111111111
11111111111000111111111111111111111111000001100000000000000000011111000000000000
00111111111100000000000000000000000000111111111111000000000000000000000000000000
00000000000001111111111111111111111111111111111111111111111111110000000000000000
00000000000001111111111111100000111111111111110000000011100000000000111111111111
11111111000000000000000000000111111111111111111111000001111111111111111111111100
01111110000000000000001111111000000000000011111111110000000000000000000000000000
01111111110000000000000000000000000000000000000000000111111111111111111111111111
11111111111111111111111100000000000000000000000000001111111111111111001111111111
11111110000011111110000000001111111111011111111100000000000000000000011111111111
11111111100111111111111111111111111111001111111100000000000001111111110000000000
00011111111000000000000000000000000000000011111110000000000000000000000000000000
00000000000000011111111111111111111111111111111111111111111111111000000000000000
00000000000011111111111111110111111111111111111100011111111100000000111111111101
11111110000000000000000000000111111111111111111101111111111111111111111111111101
11111111100000000000111111111100000000000000111111000000000000000000000000000000
00001110000000000000000000000000000000000000000000000000000111111110111111111111
11111111111111111111111111000000000000000000000000000111111111111111111111111111
11111111000111111111000000001111111111000111110000000000000000000000011111111111
11111110011111111111111111111111111110011111111110000000111111111111110000000000
00000000000000000000000000000000000000000000000000000000000000000000000000000000
00000000000000000000000000001111111100001111111111111111111111111100000000000000
00000000000001111111111111111111111111111111111100111111111110000000011111111111
11000000000000000000000000000111111111111111110011111111111111111111111111110001
11111111100000011111111111111100000000000000001111100000000000000000000000000000
00000000000000000000000000000000000000000000000000000000000000000000001111000011
11111011111111111111111111000000000000000000000000000011111111111111111111111111
11111111001111111111100000000111111111111110000000000000000000000000111111111111
11111100111111111111111111111111110000011111111110000111111111111111111111000000
00001111111110000000000000000000000000000000000000000000000000000000000000000000
00000000000000000000000000000000000001111111101111111111111111111100000000000000
00000000000000001111111111111111111111111111111000011111111110000000000111111111
11110000000000000000000000001111111111111111100011111111111111111111111100000000
11111111100011111111111111111111111111111100111111111110000000000000000000000000
00000000000000000000000000000000000000000000000000000000000000000000000000001111
11111101111111111111111111000000000000000000000000000000000011111100111111111011
11111100000111111111000000000000001111111111000000000000000000000000111111111111
11111000111111111111111111111111001111101111111100011111111111111111111111111111
11111111111111110000000000000000000000000000000000000000000000000000000000000000
00000000000000000000000000000000000011111111110111111111111111111000000000000000
00000000000000000000011110001111111111011111100000001111111100000000000000111111
11110000000000000000000000000111111111111111100001111111111111111111111101111111
01111110001111111111111111101111111111111111111111111111100000000000000000000000
00000000000000000000000000000000000000000000000000000000000000000000000000001111
11111111111111111111111101111110000000000000000000000000000000000000011111111111
10000000000001111100000000000000001111111111000000000000000000000000011111111111
11110000001111111111111111111111111111111100000000111111111111100001111111111111
11111111111111111000000000000000000000000000000000000000000000000000000000000000
00000000000000000000000000000000000011111111111111111101111111101111111100000000
00000000000000000000000000000011111111111000000000000000000000000000000000011111
11110000000000000000000000000111111111111110000000011111111111111111111111111111
11100000001111111111111000011111111111111111111111111111100000000000000000000000
00000000000000000000000000000000000000000000000000000000000000000000000000001111
11111111111000001111111011111111100000000000000000000000000000000000000011111111
11000000000000000000000000000000000111111110000000000000000000000000011111111111
11000000000000111111111111111111111111111110000000111111111111000000111111111111
11111111111111111000000000000000000000000000000000000000000000000000000000000000
00000000000000000000000000000000000001111111111111100000011110011111111110000000
00000000000000000000000000000000111111111100000000000000000000000000000000001111
11000000000000000000000000000011111111111000000000000001111111111111111111111111
11100000000111111111100000001111111111111110011111111111100000000000000000000000
00000000000000000000000000000000000000000000000000000000000000000000000000000011
11111111111000000000000111111111100000000000000000000000000000000000000011111111
10000000000000000000000000000000000000010000000000000000000000000000000111111111
00000000000000001111111111111111111111111110000000011111111000000000011111111111
11100001111111111100000000000000000000000000000000000000000000000000000000000000
00000000000000000000000000000011000000001111111111100000000000011111111110000000
00000000000000000000000000000000111111111000000000000000000000000000000000011111
00000000000000000000000000000000000000000000000000000000111111111111111111111111
11100000000011111100000000000011111011111100000001111111110000000000000000000000
00000000000000000000000000000000000000000000000000000000000000000000111111000000
00111111111000000000000111111111110000000000000000000000000000000000000011111111
00000000000000000000000000000000011111111000000000000000000000000000000000000000
00000000000000000111111111111111111111111110000000000000000000000000000000000010
00000000111111111100000000011100000000000000000000000000000000000000000000000000
00000000000000000000000000011111111000000011111111100000000000001111111111110000
00000000000000000000000000000000011111110000000000000000000000000000000001111111
11000000000000000000000000000000000000000000000000000000001111111111111111111111
11000000000000000000000000000000000000000000000011111111110000000111111100000000
00000000000000000000000000000000000000000000000000000000000000000011111111110000
00011111110000000011111001111111111100001111000000000000000000000000000000111110
00000000000000000000000000000000111111111100000000000011110000000000000000000000
00000000000000000011111111111111111111111000000000000000000000000000000000000000
00000000011111111100000001111111100000000000000000000000000000000000000000000000
00000000000000000000000000111111111100000000011100000000011111110001111111111001
11111000000000000000000000000000000000000000000000000000000000000000000011111111
11000000000001111110000000000000000000000000000000000000000111111111111111110000
00000000000000000000000000000000000000000000000001111111110000001111111110000000
00000000000000000000000000000000000000000000000000000000000000000011111111110000
00000000000000001111111110011111111110111111110000000000000000000000000000000000
00000000000000000000000000000000111111111100000000001111111100000000000000000000
00000000000000000000011111111111110000000000000000000000000000000000000000000000
00000000001111111000000011111111110000000000000000000000000000000000000000000000
00000000000000000000000000111111111100000000000000000000111111111001111111111111
11111111000000000000000000000000000000000000000000000000000000000000000001111111
11000000000111111111100000000011111000000000000000000000000000111110011110000000
00000000000000000000000000000000000000000000000000011111000000001111111111000000
00000000000000000000000000000000000000000000000000000000000000000011111111100000
00000000000000001111111111011111111111111111111110000000000000000000000000000000
00000000000000000000000000000000011111111000000000011111111110000000011111111000
00000000000000000000000000000000000000000000000000000000000000000000000000000000
00000000000000000011110011111111110000000000000000000000000000000000000000000000
00000000000000000000000000011111111000000000000000000000111111111000111111110111
11111111110000000000000000000000000000000000000000000000000000000000000000111111
10000000000111111111100000001111111110000000000000000000000000000000000000000000
00000000000000000000000000000000000000111110000000000000111111101111111110000000
00000000000000000000111000000000000000000000000000000000000000000000111111000000
00000000000000001111111110000111111001111111111111000000000000000000000000000000
00000000000000000000000000000000000011100000000000011111111110000000111111111100
00000000000000000000000000000000000000000111111000000000000000000000000000000111
11110000000000011111111101111111100000000000000000000000001111111000000000000000
00000000000000000000000000000000000000000000000000000000111111111000001111000011
11111111110000000000000000000000000000000000000000000000000000000000000000000000
00000000000011111111000000001111111111000000000000000000000000000000000000000000
11111111000000000000000000000000000011111111100000000001111111111011111000000000
00000000000000000111111111000000000000000000000000000000000000000000000000000000
00000000000000000111111100000000000000111111111111100000000000000000000000000000
00000000000000000000000000000000000000000000000000001111111100000000111111111100
00000000000000111111000000000000000000001111111111111101111100000000000000001111
11111000000000011111111110000000000000000000000000000000011111111100000000000000
00000000000000000000000000000000000000000000000000000000000111000000000000000001
11111111111000000000000000000000000000000000000000000000000000000000000000000000
00000000000000111110000000001111111111000000000000000111111110000000000000000001
11111111111111111111100000000000000111111111110000000001111111111000000000000000
00000000000000001111111111000000000000000000000000000000000000000000000000000000
00000000000000000000000000000000000000000111111111100000000000000000000000000000
00000000000000000000000000000000000000000000000000000000000000000000011111111000
00000000000001111111110000000000000000011111111111111111111111000000000000011111
11111000000000011111111110011111000000000000000000000000111111111110000000000000
00000000000000000000000000000000000000000000000000000000000000000000000000000000
01111111110000000000000000000000000000000000000000000000000000000000000000000111
11100000000000000000000000000011111100000000000000001111111111000000000000000001
11111111111111111111110000000000000011111111100000000001111111110011111111000000
00000000000000000111111111000000000000000000000000000000000000000000000000000000
00000000000000000000000000000001110000000011111111000000000000000000000000110000
00000000000000000000000000000000000011111111000000000000000000000000000111100000
00000000000011111111110000000000000000011111111111111111111111000000111110001111
11111000000000001111111001111111110000000000000000000000011111111100000000000000
00000000000000000000000000000000000000000000000000111110000000000000011111110000
00011111100000000000000000000000111111000000000000000000000000000000001110011111
11110000000000000000000000000000000000000000000000001111111111000000000000000000
11111111111111111111110000011111110001111111000111100000111111000111111111100000
00000000011110000011111110000000000000000000000000000000000000000000000000000000
00000000011111110000000000001111111110000000010000000000000000000000000111111110
00000000000000000000000000001111111111111111101110000000000000000000000000000000
00000000000001111111110000000000000000011111111111111111111111000011111111100011
11000111111100111111100001111111111000000000000111111110111111110000000000000000
00000000000000000000000000000000000000000000000011111111100000000000111111111000
00000000000000000000000000000011111111110000000000000000000000000001111111111111
11111111111000000000000000000000000000000000000000000111111111000000000000000011
11111111111111111111110011111111111100000000111111111011111111000111111111100000
00000011111111111111111100000000000000000000000000000000000000000000000000000000
00000001111111111000000000011111111111000000000000000000000000000000001111111111
00000000000000000000000000111111111111111111111111110000000000000000000000000000
00000000000000111111100000000000000011111111111111111111111111011111111111110000
00001111111111111111111001111111111000000000001111111111111111110000000000000000
00000000000000000000000000000000000000000000000111111111110000011111111111111100
00000000000000000000000000000011111111110000000000000000000000000111111111111111
11111111111110000000000000000000000000000000000000000000111000000000000000011111
11111111011110001111111111111111111100000000111111111111111111100111111111000000
00000011111111111111111110000000000000000000000000000000000000000000000000000000
00000001111111111100001111111111111111000000000000000000000000000000001111111111
00000000000000011111000011111111111111111111111111111000000000000000000000000000
00000000000000000000000000000000111111111111111100000001111111111111111111100000
00001111111111111111111000111111100000000000001111111111111111111000000000000000
00000000000000000000000000000000000000000000000111111111100001111111111111111110
00000000000000000000000000000011111111110000000000000011111110001111111111111111
11111111111110000000000000000000000000000000000000000000000000000000001111111111
11111111000001111111111111111111111000000001111111111111111111100000111100000000
00000011111111111111111111000000000000000000000000000000000000000000000000000000
00000000111111111000011111111111111111111000000000000000000000000000000111111110
00000000000001111111110111111111111100011001111111111000000000000000000000000000
00000000000000000000000000000011111111111111111000011111111111111111111111100000
00111111111111111111111000000000000000000000001111111111111111111110000000000000
00000000000000000000000000000000000000000000001111111111000001111111111111111111
11000000000000000000000000000000111111000000000000001111111111111111111111110000
00011111111110000000000000000000000000000000000000000000000000000000011111111111
11111111111111111111111111111111111100000011111111111011111111000000000000000000
00000001111111111111111111100000000000000000000000000000000000000000000000000000
00000111111111111110111111111111111111111100000000000000000000000000000000000000
00000000000011111111111111111111111110000001111111110000000000000000000000000000
00000000000000000000000000000111111111111111111111111111111111111111111111111000
00111111111100011111100000000000000000000000000001111000111111111110000000000000
00000000000000000000000000000000000000000000011111111111111111111111111111111111
11100000000000000000000000000000000000000000000000001111111111111111111111111100
00111111111100000000000000000000000000000000000000000000000000000000011111111111
11111111111111111111111111111111111110000011111111110000000000000000000000000000
00000000000000111111111111100000000000000000000011111100000000000000000000000000
00000111111111111111111111111111111111111110000000000000000000000000000000000000
00000000000011111111111111111111111111000011111111111000000000000000000000000000
00000000000000000000000000000011111111111111111111111111111111111111111111111100
00111111111100000000000000000000000000000000000000001111111111111110000000000000
00000001111111100000000000000000000000000000011111111111111111111111111111111111
11100000000000000000000000000000000000000000000000000111111111111111111111111110
00111111111110000000000000000000000000000000000000000000000000000000001111111111
10011111111111111111111111111111111111100011111111110000000011111100000000000000
00000000000111111111111111000000000000000000001111111111000000000000000000000000
00000111111111111111111111111111111111111100000000000000000000000000000000000000
00000000000000111111111111111111111111100011111111111000000000000000000000000000
00000000000000000000000000000011111111111111111111111111111001111111111111111110
00011111111110000011111111100000000000000000000000011111111111111000000000000000
00000011111111111000000000000000000000000000011111111111111111111111111111111111
10000000000000000000000000000000000000000000000000000111111111111111111111111100
00111111111110000000000000000000000000000000000000000000000000000000001111111111
11111111111111111111111111111111111111111101111111111100011111111111000000000000
00000000000111111111110000000000000000000000011111111111100000000000000000000000
00000011111111111111111111111111111111110000000000000000000000000000000000000000
00000000000001111111111111111111111111000001111111110000000000000000000000000000
00000000000000000000000000000011111111111111111111111111111111111111111111111111
11111111111111000111111111110000000000000000000000011111111111000000000000000000
00000011111111111000000000000000000000000000000111111111111111111111111111110000
00000000000000000000000000000000000000000000000000000111111111111111111111111000
00001111111000000000000000000000000000000000000000000000000000000000011111111111
11111111111111111111111111111111111111111111111111111100011111111111000000000000
00000000000111111111110000000000000000000000001111111111000000000000000000000000
00000111111111111111111111111111111000000000000000000000000000000000000000000000
00000000000001111111111111111111111110000000000100000000000000000000000000000000
00000000000000000000000000000011111111111111111111111111111111111111111111111111
11111111111111000111111111110000000000000000000000011111111110000000000000000000
00000011111111110000000000000000000000000000111111111111111111111111111111100000
00000000000000000000000000000000000000000000000000000111111111111111111111111000
00000000000000000000000000000000000000000000000000000000000000000000001111111111
11111111111111111111111111111111111111111111111111111111111111111111000000000000
00000000000011111111000000000000000000000000000011111110000000000000000000000000
00011111111111111011111111111111111000000000000000000000000000000000000000000000
00000000000001111111111111111111111110000000000000000000000000000000000000000000
00000000000000000000000000000001111111111111111111111111111111111111111111111111
11111111111111111111111111100000000000000000000000000111111000000000000000000000
00000000001100000000000000000000000000000001111111111111111111111111111111100000
00000000000000000000000000000000000000000000000000000111111111111111111111110000
00000000000000000000000000000000000011110000000000000000000000000000000111111111
11111111111111111111111111111111111111111111111111111111111111111100000000000000
00000000000000000000000000000000000000000000000000000000000000000000000000000000
00011111111111111111111111111111110000000000000000000000000000000000000000000000
00000000000001111111111111111111111000000000000000000000000000000000000000111111
11000000000000000000000000000001111111111111111111111111111111111111111111111111
11111000111111111111011100000000000000000000000000000000000000000000000000000000
00000000000000000000000000000000000000000001111111111111111111111111111110000000
00000000000000000000000000000000000000000000000000000111111111111111111100000000
00000000000000000000000000000000011111111110000000000000000000000000000011111111
11111111111101111111111111111111111111111111000011111111111100000000000000000000
00000000000000000000000000000000000000000000000000000000000000000000000000000000
00001111111111111111111111110000000000000000000000000000000000000000000000000000
00000000000000111111111111111111000000000000000000000000000000000000000011111111
11110000000000000000000000000000111111111111111100000111111111111111111111111111
11000000111111111111000000000000000000000000000000000000000000000000000000000000
00000000000000000000000000000000000000000000111111111111111111111111000000000000
00000000000000000000000000011111110000000000000000000011111111111111111000000000
00000000000000000000000000000000111111111111000000000000000000000000000001111111
11111110000001111111111111111111111110000000000011111111111100000000000000000000
00000000000000000000000000000000000000000000000000000000000000000000000000000000
00001111111111111111111111100000000000000000000000000000000000000011111111110000
00000000000000001111111111111100000000000000000000000000000000000000000011111111
11110000000000000000000000000000011111111111110000000011111111111111111111110000
00000000011111111111100000000000000000000000000000000000000000000000000000000000
00000000000000000000000000000000000000000001111111111111111111111110000000000000
00000000000000000000000001111111111100000000000000000000000000000000000000000000
00000000000000000000000000000000111111111111000000000000000000000000000000011111
11000000000000011111111111111111111000000000000001111111111111011000000000000000
00000000000000000000000000000000000000000000000000000000000000000000000000000000
00111111111111111111111110000000000000000000000000000000000000001111111111111000
00000000000000000000000000000000000000000000000000000000000000000000000011111111
11110000000000000000000000000000000000000000000000000000111111111111111111000000
00000000011111111111111111110000000000000000000000000000000000000000000000000000
00000000000000000000000000000000000000000111111111111111111111111000000000000000
00000000000000000000000011111111111110000000000000000000000000000000000000000000
00000000000000000000000000000000011111111110000000000000000000000000000000000000
00000000000000001111111111111111110000000000000001111111111111111111110000000000
00000000000000000000000000000000000000000000000000000000000000000000000000000000
01111111111111111111111100000000000000000000000000000000000000001111111111111000
00000000000000000000000000000000000001110000000000000000000000000000000000011111
10000000000000000000000000000000000000000000000000000000001111111111111111100000
00000111111111111111111111111100000000000000000000000000000000000000000000000000
00000000000000000000000000000000000000000111111111111111111111100000000000000000
00000000000000000000000011111111111110000000000000000000000000000000000000111111
11100000000000000000000000000000000000000000000000000000000000000000000000000000
00000000000000000000011111111111111000000000111111111111111111111111111000000000
00000000000000000000000000000000000000000000000000000000000000000000000000000000
01111111111111111111110000000000000000000000000000000000000000000111111111110000
00000000000000000000000000000000111111111111000000000000000000000000000000000000
00000000000000000000000000000000000000000000000000000000000001111111111111100000
00111111111111111111111111111110000000000000000000000000000000000000000000000000
00000000000000000000000000000000000000000011111111111111111100000000000000000000
00000000000000000000000000111111111000000000000000000000000000000000000011111111
11111000000000000000000000011111111000000000000000000000000000000000000000000000
00000000000000000000001111111111110000000011111111111111111111111111111000000000
00000000000000000000000000000000000000000000000000000000000000000000000000000000
00011111111111111111000000000000000000000000000000000000000000000000111110000000
00000000000000000000000000000001111111111111110000000000000000000111111111110000
00000000000000000000000000000000000000000000000000000000000000011111111110000000
00111111111111110011111111111100000000000000000000000000000000000000000000000000
00000000000000000000000000000000000000000000011111111111111100000000000000000000
00000000000000000000000000000000000000000000000000000000000000000000000111111111
11111100000000000000000011111111111111000000000000000000000000000000000000000000
00000000000000000000000011111111000000000011111111111111001111111111100000000000
00000000000000000000000000000000000000000000000000000000000000000000000000000000
00000011111111111111111100000000000000000000000000000000000000000000000000000000
00000000000000000000000000000001111111111111100000000000000000011111111111111100
00000000000000000000000000000000000000000000000000000000000000000000000000000000
00111111111111110000111111110000000000000000000000000000000000000000000000000000
00000000000000000000000000000000000000000000000111111111111111111110000000000000
00000000000000000000000000000000000000000000000000000000000000000000000011111111
11111000000000000000000111111111111111000000000000000000000000000000000000000000
00000000000000000000000000000000000000000001111111111110000000000000000000000000
00000000000000000000000000000000000000000000000000000000000000000000000000000000
00000111111111111111111111111000000000000000000000000000000000000000000000000000
00000000000000000000000000000000011111111111000000000000000000011111111111111100
00000000000000000000000000000000000000000000000000000000000000000000000000001111
11111111111111111000000000000000000000000000000000000000000000000000000000000000
00000000000000000000000000000000000000000001111111111111111111111111110000000000
00000000000000000000000000000000000000000000000000000000000000000000000000111111
11000000000000000000000011111111111111000000000000000000000000000000000000000000
00000000000000000000000000000000011111111111111111111111100000000000000000000000
00000000000000000000000000000000000000000000000000000000000000000000000000000000
00111111111111111111111111111100000000000000000000000000000000000000000000000000
00000000000000000000000000000000000000000000000000000000000000001111111111111000
00000000000000000000000000000000000000000000000000000000000000000000000011111111
11111111111111111100000000000000000000000000000000000000000000000000000000000000
00000000000000000000000000000000000000000011111111111111111111111111110000000000
00000000000000000000000000000000000000000000000000000000000000000000000000000000
00000000000000000000000000111111111100000000000000000000000000000000000000000000
00000000000000000000000000000001111111111111111111111111110000000000000000000000
00000000000000000000000000000000000000000000000000000000000000000000000000000000
01111111111111111111111111111100000000000000000000000000000000000000000000000000
00000000000000000000000000000000000000000000000000000000000000000000111111000000
00000000000000000000000000000000000000000000000000000000000000000000000111111111
11111111111111111100000000000000000000000000000000000000000000000000000000000000
00000000000000000000000000000000000000000011111111111111111111111111100000000000
00000000000000000000000000000000000000000000000000000000000000000000000000000000
00000000000000000000000000000000000000000000000000000000000000000000000000000000
00000000000000000000000000000001111111111111111111111111100000000000000000000000
00000000000000000000000000000000000000000000000000000000000000000000000000000000
00111111111111111111111111110000000000000000000000000000000000000000000000000000
00000000000000000000000000000000000000000000000000000000000000000000000000000000
00000000000000000000000000000000000000000000000000000000000000000000000111111111
11111111111111110000000000000000000000000000000000000000000000000000000000000000
00000000000000000000000000000000000000000001111111111111001111111100000000000000
00000000000000000000000000000000000000000000000000000000000000000000000000000000
00000000000000000000000000000000000000000000000000000000000000000000000000000000
00000000000000000000000000000000111111111111111111111000000000000000000000000000
00000000000000000000000000000000000000000000000000000000000000000000000000000000
00000111111111100000000000000000000000000000000000000000000000000000000000000000
00000000000000000000000000000000000000000000000000000000000000000000000000000000
00000000000000000000000000000000000000000000000000000000000000000000000001111111
11111100000000000000000000000000000000000000000000000000000000000000000000000000
00000000000000000000000000000000000000000000000000000000111111111110000000000000
00000000000000000000000000000000000000000000000000000000000000000000000000000000
00000000000000000000000000000000000000000000000000000000000000000000000000000000
00000000000000000000000000000000000011111110000000000000000000000000000000000000
00000000000000000000000000000000000000000000000000000000000000000000000000000000
00000000000001111111111111111100000000000000000000000000000000000000000000000000
00000000000000000000000000000000000000000000000000000000000000000000000000000000
00000000000000000000000000000000000000000000000000000000000000000000000000000000
00000000000000000000000000000000000000000000000000000000000000000000000000000000
00000000000000000000000000000000000000000000000000001111111111111111111000000000
00000000000000000000000000000000000000000000000000000000000000000000000000000000
00000000000000000000000000000000000000000000000000000000000000000000000000000000
00000000000000000000000000000000000000000000000000000000000000000000000000000000
00000000000000000000000000000000000000000000000000000000000000000000000000000000
00000000000111111111111111111111000000000000000000000000000000000000000000000000
00000000000000000000000000000000000000000000000000000000000000000000000000000000
00000000111111111110000001111111111110000000000000000000111111111000000000000000
00000000000000000000000000000000000000000000000000000000000000000000000000000000
00000000000000000000000000000000000000000000000000011111111111111111111100000000
00000000000000000000000000000000000000000000000000000000000000000000000000000000
00111111111000000011111111111000000000000000011111111111111111111111111111111111
00000000000011111111111111111000000000000000000000000000000000000000000000000000
00000000000000000000000000000000000000000000000000000000000000000000000000000000
00000000000111111111111111111111000000000000000000000000000000000000000000000000
00000000000000000000000000000000000001111111111111111111111111111111111101111111
11111111111111111111111111111111111111111100000000111111111111111111111000000000
00000000000000000000000000000000000000000000000000000000000000000000000000000000
00000000000000000000000000000000000000000000000000001111111111111111111100000000
00000000000000000000000000000000000000000000000000000000000000000000000011111111
11111111111111111111111111111111111111111111111111111111111111111111111111111111
11100000011111111111111111111111000000000000000000000000000000000000000000000000
00000000000000000000000000000000000000000000000000000000000000000000000000000000
00000000000001111111111111111100000000000000000000000000000000000000000000000000
11111100111111111000000000000111111111111111111111111111111111111111111111111111
11111111111111111111111111111111111111111110000011111111111111111111111110000000
00000000000000000000000000000000000000000000000000000000000000000000000000000000
00000000000000000000000000000000000000000000000000000001111111111111100000000000
00000000000000000000000000111111111111111111111111111111111111000001111111111111
11111111111111111111111111111111111111111111111111111111111111111111111111111111
11100000111111111111111111111111100000000000000000000000000000000000000000000000
00000000000000000000000000000000000000000000000000000000000000000000000000000000
00000000000000000001111110000000000000000000000000000000000000111111111111111111
11111111111111111111111110111111111111111111111111111111111111111111111111111111
11111111111111111111111111111111111111111110000011111111111111111111111110000000
00000000000000000000000000000000000000000000000000000000000000000000000000000000
00000000000000000000000000000000000000000000000000000000000000000000000000000000
00000000000000000001111111111111111111111111111111111111111111111111111111111111
11111111111111111111111111111111111111111111111111111111111111111111111111111111
10000000011111111111111111111111000000000000000000000000000000000000000000000000
00000000000000000000000000000000000000000000000000000000000000000000000000000000
00000000000000000000000000000000000000000000000000000000001111111111111111111111
11111111111111111111111111111111111111111111111111111111111111111111111111111111
11111111111111111111111111111111111111100000000000011111111111111111110000000000
00000000000000000000000000000000000000000000000000000000000000000000000000000000
00000000000000000000000000000000000000000000000000000000000000000000000000000000
00000000000000000111111111111111111111111111111111111111111111111111111111111111
11111111111111111111111111111111111111111111111111111111111000000001111111100000
00000000000000111111111111100000000000000000000000000000000000000000000000000000
00000000000000000000000000000000000000000000000000000000000000000000000000000000
00000000000000000000000000000000000000000000011111111111111111111111111111111111
11111111111111111111111111100111111111111111111111111000011111111111111111111111
11111111000000000000000000000000000000000000000000000000000000000000000000000000
00000000000000000000000000000000000000000000000000000000000000000000000000000000
00000000000000000000000000000000000000000000000000000000000000000000000000000000
11111111111111111111111111111111111111111111111111111111111111111100000011111111
11111111000000000000000000000000111111111111100000000000000000000000000000000000
00000000000000000000000000000000000000000000000000000000000000000000000000000000
00000000000000000000000000000000000000000000000000000000000000000000000000000000
00000000000000000000000000000000000001111111111111111111111111111111111111111111
11111111111111111111111100000000000000000000000000000000000000000000000000000000
00000000000000001111111111111111111111100000000000000000000000000000000000000000
00000000000000000000000000000000000000000000000000000000000000000000000000000000
00000000000000000000000000000000000000000000000000000000000000000000000000011111
11111111111111111111111111111111111111111110111111111111111100000000000000000000
00000000000000000000000000000000000000000000000001111111111111111111111111111111
11111000000000000000000000000000000000000000000000000000000000000000000000000000
00000000000000000000000000000000000000000000000000000000000000000000000000000000
00000000000000000000000000000000001111111111111111111111111111111111111111111111
00000000000000000000000000000000000000000000000000000000000000000000000000000000
00000011111111111111111111111111111111111111111110000000000000000000000000000000
00000000000000000000000000000000000000000000000000000000000000000000000000000000
00000000000000000000000000000000000000000000000000000000000000000000000000111111
11111111111111111111111111111111110000000000000000000000000000000000000000000000
00000000000000000000000000000000000000000001111111111111111111111111111111111111
11111111111000000000000000000000000000000000000000000000000000000000000000000000
00000000000000000000000000000000000000000000000000000000000000000000000000000000
00000000000000000000000000000000000111111111111111111111111111111111111110000000
00000000000000000000000000000000000000000000000000000000000000000000000000000000
00011111111111111111111111111111111111111111111111110000000000000000000000000000
00000000000000000000000000000000000000000000000000000000000000000000000000000000
00000000000000000000000000000000000000000000000000000000000000000000000000000111
11111111111111111111111111111110000000000000000000000000000000000000000000000000
00000000000000000000000000000000000000000001111111111111111111111111111111111111
11111111111100000000000000000000000000000000000000000000000000000000000000000000
00000000000000000000000000000000000000000000000000000000000000000000000000000000
00000000000000000000000000000000000000001111111111111111111111111111000000000000
00000000000000000000000000000000000000000000000000000000000000000000000000000000
00001111111111111111111111111111111111111111111111100000000000000000000000000000
00000000000000000000000000000000000000000000000000000000000000000000000000000000
00000000000000000000000000000000000000000000000000000000000000000000000000000000
00000111111111111111110000000000000000000000000000000000000000000000000000000000
00000000000000000000000000000000000000000000001111111111111111111111111111111111
11111111100000000000000000000000000000000000000000000000000000000000000000000000
00000000000000000000000000000000000000000000000000000000000000000000000000000000
00000000000000000000000000000000000000000000000000000000000000000000000000000000
00000000000000000000000000000000000000000000000000000000000000000000000000000000
00000000001111111111111111111111111111111111100000000000000000000000000000000000
00000000000000000000000000000000000000000000000000000000000000000000000000000000
00000000000000000000000000000000000000000000000000000000000000000000000000000000
00000000000000000000000000000000000000000000000000000000000000000000000000000000
00000000000000000000000000000000000000000000000000000000011111111111111111111100
00000000000000000000000000000000000000000000000000000000000000000000000000000000
00000000000000000000000000000000000000000000000000000000000000000000000000000000
00000000000000000000000000000000000000000000000000000000000000000000000000000000
00000000000000000000000000000000000000000000000000000000000000000000000000000000
00000000000000000000000000000000000000000000000000000000000000000000000000000000
00000000000000000000000000000000000000000000000000000000000000000000000000000000
00000000000000000000000000000000000000000000000000000000000000000000000000000000
00000000000000000000000000000000000000000000000000000000000000000000000000000000
00000000000000000000000000000000000000000000000000000000000000000000000000000000
00000000000000000000000000000000000000000000000000000000000000000000000000000000
00000000000000000000000000000000000000000000000000000000000000000000000000000000
00000000000000000000000000000000000000000000000000000000000000000000000000000000
00000000000000000000000000000000000000000000000000000000000000000000000000000000
00000000000000000000000000000000000000000000000000000000000000000000000000000000
00000000000000000000000000000000000000000000000000000000000000000000000000000000
00000000000000000000000000000000000000000000000000000000000000000000000000000000
00000000000000000000000000000000000000000000000000000000000000000000000000000000
00000000000000000000000000000000000000000000000000000000000000000000000000000000
00000000000000000000000000000000000000000000000000000000000000000000000000000000
00000000000000000000000000000000000000000000000000000000000000000000000000000000
00000000000000000000000000000000000000000000000000000000000000000000000000000000
00000000000000000000000000000000000000000000000000000000000000000000000000000000
00000000000000000000000000000000000000000000000000000000000000000000000000000000
00000000000000000000000000000000000000000000000000000000000000000000000000000000
00000000000000000000000000000000000000000000000000000000000000000000000000000000
00000000000000000000000000000000000000000000000000000000000000000000000000000000
00000000000000000000000000000000000000000000000000000000000000000000000000000000
00000000000000000000000000000000000000000000000000000000000000000000000000000000
00000000000000000000000000000000000000000000000000000000000000000000000000000000
00000000000000000000000000000000000000000000000000000000000000000000000000000000
00000000000000000000000000000000000000000000000000000000000000000000000000000000
00000000000000000000000000000000000000000000000000000000000000000000000000000000
00000000000000000000000000000000000000000000000000000000000000000000000000000000
00000000000000000000000000000000000000000000000000000000000000000000000000000000
0000000000000000000000000000000000000000
