!Channel selection and surface emissivity
   1  0 0.8
   2  1 0.8
   3  0 0.8
   4  0 0.8
   5  0 0.8
   6  0 0.8
   7  0 0.8
   8  0 0.8
   9  0 0.8
  10  0 0.8
  11  0 0.8
  12  0 0.8
  13  0 0.8
  14  0 0.8
  15  0 0.8
  16  0 0.8
  17  0 0.8
  18  0 0.8
  19  0 0.8
  20  0 0.8
  21  0 0.8
  22  0 0.8
  23  0 0.8
  24  0 0.8
  25  0 0.8
  26  0 0.8
  27  0 0.8
  28  0 0.8
  29  0 0.8
  30  0 0.8
  31  0 0.8
  32  0 0.8
  33  0 0.8
  34  0 0.8
  35  0 0.8
  36  0 0.8
  37  0 0.8
  38  0 0.8
  39  0 0.8
  40  0 0.8
  41  0 0.8
  42  0 0.8
  43  0 0.8
  44  0 0.8
  45  0 0.8
  46  0 0.8
  47  0 0.8
  48  0 0.8
  49  0 0.8
  50  0 0.8
  51  0 0.8
  52  0 0.8
  53  0 0.8
  54  0 0.8
  55  1 0.8
  56  0 0.8
  57  0 0.8
  58  0 0.8
  59  0 0.8
  60  0 0.8
  61  0 0.8
  62  0 0.8
  63  0 0.8
  64  0 0.8
  65  0 0.8
  66  0 0.8
  67  0 0.8
  68  0 0.8
  69  0 0.8
  70  0 0.8
  71  0 0.8
  72  0 0.8
  73  0 0.8
  74  0 0.8
  75  0 0.8
  76  0 0.8
  77  0 0.8
  78  0 0.8
  79  1 0.8
  80  0 0.8
  81  0 0.8
  82  0 0.8
  83  0 0.8
  84  0 0.8
  85  0 0.8
  86  0 0.8
  87  0 0.8
  88  0 0.8
  89  0 0.8
  90  0 0.8
  91  0 0.8
  92  0 0.8
  93  0 0.8
  94  0 0.8
  95  0 0.8
  96  0 0.8
  97  0 0.8
  98  0 0.8
  99  0 0.8
 100  0 0.8
 101  0 0.8
 102  0 0.8
 103  1 0.8
 104  0 0.8
 105  0 0.8
 106  0 0.8
 107  0 0.8
 108  0 0.8
 109  0 0.8
 110  0 0.8
 111  0 0.8
 112  0 0.8
 113  0 0.8
 114  0 0.8
 115  0 0.8
 116  0 0.8
 117  0 0.8
 118  0 0.8
 119  0 0.8
 120  0 0.8
 121  0 0.8
 122  0 0.8
 123  0 0.8
 124  0 0.8
 125  0 0.8
 126  0 0.8
 127  1 0.8
 128  0 0.8
 129  0 0.8
 130  0 0.8
 131  0 0.8
 132  0 0.8
 133  0 0.8
 134  0 0.8
 135  0 0.8
 136  0 0.8
 137  0 0.8
 138  0 0.8
 139  0 0.8
 140  0 0.8
 141  0 0.8
 142  0 0.8
 143  0 0.8
 144  0 0.8
 145  0 0.8
 146  0 0.8
 147  0 0.8
 148  1 0.8
 149  0 0.8
 150  0 0.8
 151  0 0.8
 152  0 0.8
 153  0 0.8
 154  0 0.8
 155  0 0.8
 156  0 0.8
 157  0 0.8
 158  0 0.8
 159  0 0.8
 160  0 0.8
 161  0 0.8
 162  0 0.8
 163  0 0.8
 164  0 0.8
 165  0 0.8
 166  0 0.8
 167  0 0.8
 168  0 0.8
 169  0 0.8
 170  1 0.8
 171  0 0.8
 172  0 0.8
 173  0 0.8
 174  0 0.8
 175  0 0.8
 176  0 0.8
 177  0 0.8
 178  0 0.8
 179  0 0.8
 180  0 0.8
 181  0 0.8
 182  0 0.8
 183  0 0.8
 184  0 0.8
 185  0 0.8
 186  0 0.8
 187  0 0.8
 188  0 0.8
 189  0 0.8
 190  0 0.8
 191  0 0.8
 192  0 0.8
 193  0 0.8
 194  0 0.8
 195  0 0.8
 196  0 0.8
 197  0 0.8
 198  0 0.8
 199  0 0.8
 200  0 0.8
 201  0 0.8
 202  0 0.8
 203  0 0.8
 204  0 0.8
 205  0 0.8
 206  0 0.8
 207  0 0.8
 208  0 0.8
 209  0 0.8
 210  0 0.8
 211  0 0.8
 212  0 0.8
 213  0 0.8
 214  0 0.8
 215  0 0.8
 216  0 0.8
 217  0 0.8
 218  0 0.8
 219  0 0.8
 220  0 0.8
 221  0 0.8
 222  0 0.8
 223  0 0.8
 224  0 0.8
 225  0 0.8
 226  0 0.8
 227  0 0.8
 228  0 0.8
 229  0 0.8
 230  0 0.8
 231  0 0.8
 232  0 0.8
 233  0 0.8
 234  0 0.8
 235  0 0.8
 236  0 0.8
 237  0 0.8
 238  0 0.8
 239  0 0.8
 240  0 0.8
 241  0 0.8
 242  0 0.8
 243  0 0.8
 244  0 0.8
 245  0 0.8
 246  0 0.8
 247  0 0.8
 248  0 0.8
 249  0 0.8
 250  0 0.8
 251  0 0.8
 252  0 0.8
 253  0 0.8
 254  0 0.8
 255  0 0.8
 256  0 0.8
 257  0 0.8
 258  0 0.8
 259  0 0.8
 260  0 0.8
 261  0 0.8
 262  0 0.8
 263  0 0.8
 264  0 0.8
 265  0 0.8
 266  0 0.8
 267  0 0.8
 268  0 0.8
 269  0 0.8
 270  0 0.8
 271  0 0.8
 272  0 0.8
 273  0 0.8
 274  0 0.8
 275  0 0.8
 276  0 0.8
 277  0 0.8
 278  0 0.8
 279  0 0.8
 280  0 0.8
 281  0 0.8
 282  0 0.8
 283  0 0.8
 284  0 0.8
 285  0 0.8
 286  0 0.8
 287  0 0.8
 288  0 0.8
 289  0 0.8
 290  0 0.8
 291  0 0.8
 292  0 0.8
 293  0 0.8
 294  0 0.8
 295  0 0.8
 296  0 0.8
 297  0 0.8
 298  0 0.8
 299  0 0.8
 300  0 0.8
 301  0 0.8
 302  0 0.8
 303  0 0.8
 304  0 0.8
 305  1 0.8
 306  0 0.8
 307  0 0.8
 308  0 0.8
 309  0 0.8
 310  0 0.8
 311  0 0.8
 312  0 0.8
 313  0 0.8
 314  0 0.8
 315  0 0.8
 316  0 0.8
 317  0 0.8
 318  0 0.8
 319  0 0.8
 320  0 0.8
 321  0 0.8
 322  0 0.8
 323  0 0.8
 324  0 0.8
 325  0 0.8
 326  0 0.8
 327  0 0.8
 328  0 0.8
 329  0 0.8
 330  0 0.8
 331  0 0.8
 332  0 0.8
 333  0 0.8
 334  0 0.8
 335  0 0.8
 336  0 0.8
 337  0 0.8
 338  0 0.8
 339  0 0.8
 340  0 0.8
 341  0 0.8
 342  0 0.8
 343  0 0.8
 344  0 0.8
 345  0 0.8
 346  0 0.8
 347  0 0.8
 348  0 0.8
 349  0 0.8
 350  0 0.8
 351  0 0.8
 352  0 0.8
 353  0 0.8
 354  0 0.8
 355  0 0.8
 356  0 0.8
 357  0 0.8
 358  0 0.8
 359  0 0.8
 360  0 0.8
 361  0 0.8
 362  0 0.8
 363  0 0.8
 364  0 0.8
 365  0 0.8
 366  0 0.8
 367  0 0.8
 368  0 0.8
 369  0 0.8
 370  0 0.8
 371  0 0.8
 372  0 0.8
 373  0 0.8
 374  0 0.8
 375  0 0.8
 376  0 0.8
 377  0 0.8
 378  0 0.8
 379  0 0.8
 380  0 0.8
 381  0 0.8
 382  0 0.8
 383  0 0.8
 384  0 0.8
 385  0 0.8
 386  0 0.8
 387  0 0.8
 388  0 0.8
 389  0 0.8
 390  0 0.8
 391  0 0.8
 392  0 0.8
 393  0 0.8
 394  0 0.8
 395  0 0.8
 396  0 0.8
 397  0 0.8
 398  0 0.8
 399  0 0.8
 400  0 0.8
 401  0 0.8
 402  0 0.8
 403  0 0.8
 404  0 0.8
 405  0 0.8
 406  0 0.8
 407  0 0.8
 408  0 0.8
 409  0 0.8
 410  0 0.8
 411  0 0.8
 412  0 0.8
 413  0 0.8
 414  0 0.8
 415  0 0.8
 416  0 0.8
 417  0 0.8
 418  0 0.8
 419  0 0.8
 420  0 0.8
 421  0 0.8
 422  0 0.8
 423  0 0.8
 424  0 0.8
 425  0 0.8
 426  0 0.8
 427  0 0.8
 428  1 0.8
 429  0 0.8
 430  0 0.8
 431  0 0.8
 432  0 0.8
 433  0 0.8
 434  0 0.8
 435  0 0.8
 436  0 0.8
 437  0 0.8
 438  0 0.8
 439  0 0.8
 440  0 0.8
 441  0 0.8
 442  0 0.8
 443  0 0.8
 444  0 0.8
 445  0 0.8
 446  0 0.8
 447  0 0.8
 448  0 0.8
 449  0 0.8
 450  0 0.8
 451  0 0.8
 452  0 0.8
 453  0 0.8
 454  0 0.8
 455  0 0.8
 456  0 0.8
 457  0 0.8
 458  0 0.8
 459  0 0.8
 460  0 0.8
 461  0 0.8
 462  0 0.8
 463  0 0.8
 464  0 0.8
 465  0 0.8
 466  0 0.8
 467  0 0.8
 468  0 0.8
 469  0 0.8
 470  0 0.8
 471  0 0.8
 472  0 0.8
 473  0 0.8
 474  0 0.8
 475  0 0.8
 476  0 0.8
 477  0 0.8
 478  0 0.8
 479  0 0.8
 480  0 0.8
 481  0 0.8
 482  0 0.8
 483  0 0.8
 484  0 0.8
 485  0 0.8
 486  0 0.8
 487  0 0.8
 488  0 0.8
 489  0 0.8
 490  0 0.8
 491  0 0.8
 492  0 0.8
 493  0 0.8
 494  0 0.8
 495  0 0.8
 496  0 0.8
 497  0 0.8
 498  0 0.8
 499  0 0.8
 500  0 0.8
 501  0 0.8
 502  0 0.8
 503  0 0.8
 504  0 0.8
 505  0 0.8
 506  0 0.8
 507  0 0.8
 508  0 0.8
 509  0 0.8
 510  0 0.8
 511  0 0.8
 512  0 0.8
 513  0 0.8
 514  0 0.8
 515  0 0.8
 516  0 0.8
 517  0 0.8
 518  0 0.8
 519  0 0.8
 520  0 0.8
 521  0 0.8
 522  0 0.8
 523  0 0.8
 524  0 0.8
 525  0 0.8
 526  0 0.8
 527  0 0.8
 528  0 0.8
 529  0 0.8
 530  0 0.8
 531  0 0.8
 532  0 0.8
 533  0 0.8
 534  0 0.8
 535  0 0.8
 536  0 0.8
 537  0 0.8
 538  0 0.8
 539  0 0.8
 540  0 0.8
 541  0 0.8
 542  0 0.8
 543  0 0.8
 544  0 0.8
 545  0 0.8
 546  0 0.8
 547  0 0.8
 548  0 0.8
 549  0 0.8
 550  0 0.8
 551  0 0.8
 552  0 0.8
 553  0 0.8
 554  0 0.8
 555  0 0.8
 556  0 0.8
 557  0 0.8
 558  0 0.8
 559  0 0.8
 560  0 0.8
 561  0 0.8
 562  0 0.8
 563  0 0.8
 564  0 0.8
 565  0 0.8
 566  0 0.8
 567  0 0.8
 568  0 0.8
 569  0 0.8
 570  0 0.8
 571  0 0.8
 572  0 0.8
 573  0 0.8
 574  0 0.8
 575  0 0.8
 576  0 0.8
 577  0 0.8
 578  0 0.8
 579  0 0.8
 580  0 0.8
 581  0 0.8
 582  0 0.8
 583  0 0.8
 584  0 0.8
 585  0 0.8
 586  0 0.8
 587  0 0.8
 588  0 0.8
 589  0 0.8
 590  0 0.8
 591  0 0.8
 592  0 0.8
 593  0 0.8
 594  0 0.8
 595  0 0.8
 596  0 0.8
 597  0 0.8
 598  0 0.8
 599  0 0.8
 600  0 0.8
 601  0 0.8
 602  0 0.8
 603  0 0.8
 604  0 0.8
 605  0 0.8
 606  0 0.8
 607  0 0.8
 608  0 0.8
 609  0 0.8
 610  0 0.8
 611  0 0.8
 612  0 0.8
 613  0 0.8
 614  0 0.8
 615  0 0.8
 616  0 0.8
 617  0 0.8
 618  0 0.8
 619  0 0.8
 620  0 0.8
 621  0 0.8
 622  0 0.8
 623  0 0.8
 624  0 0.8
 625  0 0.8
 626  0 0.8
 627  0 0.8
 628  0 0.8
 629  0 0.8
 630  0 0.8
 631  0 0.8
 632  0 0.8
 633  0 0.8
 634  0 0.8
 635  0 0.8
 636  0 0.8
 637  0 0.8
 638  0 0.8
 639  0 0.8
 640  0 0.8
 641  0 0.8
 642  0 0.8
 643  0 0.8
 644  0 0.8
 645  0 0.8
 646  0 0.8
 647  0 0.8
 648  0 0.8
 649  0 0.8
 650  0 0.8
 651  0 0.8
 652  0 0.8
 653  0 0.8
 654  0 0.8
 655  0 0.8
 656  0 0.8
 657  0 0.8
 658  0 0.8
 659  0 0.8
 660  0 0.8
 661  0 0.8
 662  0 0.8
 663  0 0.8
 664  0 0.8
 665  0 0.8
 666  0 0.8
 667  0 0.8
 668  0 0.8
 669  0 0.8
 670  0 0.8
 671  0 0.8
 672  0 0.8
 673  0 0.8
 674  0 0.8
 675  0 0.8
 676  0 0.8
 677  0 0.8
 678  0 0.8
 679  0 0.8
 680  0 0.8
 681  0 0.8
 682  0 0.8
 683  0 0.8
 684  0 0.8
 685  0 0.8
 686  0 0.8
 687  0 0.8
 688  0 0.8
 689  0 0.8
 690  0 0.8
 691  0 0.8
 692  0 0.8
 693  0 0.8
 694  0 0.8
 695  0 0.8
 696  0 0.8
 697  0 0.8
 698  0 0.8
 699  0 0.8
 700  0 0.8
 701  0 0.8
 702  0 0.8
 703  0 0.8
 704  0 0.8
 705  0 0.8
 706  0 0.8
 707  0 0.8
 708  0 0.8
 709  0 0.8
 710  0 0.8
 711  0 0.8
 712  0 0.8
 713  0 0.8
 714  0 0.8
 715  0 0.8
 716  0 0.8
 717  0 0.8
 718  0 0.8
 719  0 0.8
 720  0 0.8
 721  0 0.8
 722  0 0.8
 723  0 0.8
 724  0 0.8
 725  0 0.8
 726  0 0.8
 727  0 0.8
 728  0 0.8
 729  0 0.8
 730  0 0.8
 731  0 0.8
 732  0 0.8
 733  0 0.8
 734  0 0.8
 735  0 0.8
 736  0 0.8
 737  0 0.8
 738  0 0.8
 739  0 0.8
 740  0 0.8
 741  0 0.8
 742  0 0.8
 743  0 0.8
 744  0 0.8
 745  0 0.8
 746  0 0.8
 747  0 0.8
 748  0 0.8
 749  0 0.8
 750  1 0.8
 751  0 0.8
 752  0 0.8
 753  0 0.8
 754  0 0.8
 755  0 0.8
 756  0 0.8
 757  0 0.8
 758  0 0.8
 759  0 0.8
 760  0 0.8
 761  0 0.8
 762  0 0.8
 763  0 0.8
 764  0 0.8
 765  0 0.8
 766  0 0.8
 767  0 0.8
 768  0 0.8
 769  0 0.8
 770  0 0.8
 771  0 0.8
 772  0 0.8
 773  0 0.8
 774  0 0.8
 775  0 0.8
 776  0 0.8
 777  0 0.8
 778  0 0.8
 779  0 0.8
 780  0 0.8
 781  0 0.8
 782  0 0.8
 783  0 0.8
 784  0 0.8
 785  0 0.8
 786  0 0.8
 787  0 0.8
 788  0 0.8
 789  0 0.8
 790  0 0.8
 791  0 0.8
 792  0 0.8
 793  0 0.8
 794  0 0.8
 795  0 0.8
 796  0 0.8
 797  0 0.8
 798  0 0.8
 799  0 0.8
 800  0 0.8
 801  0 0.8
 802  0 0.8
 803  0 0.8
 804  0 0.8
 805  0 0.8
 806  0 0.8
 807  0 0.8
 808  0 0.8
 809  0 0.8
 810  0 0.8
 811  0 0.8
 812  0 0.8
 813  0 0.8
 814  0 0.8
 815  0 0.8
 816  0 0.8
 817  0 0.8
 818  0 0.8
 819  0 0.8
 820  0 0.8
 821  0 0.8
 822  0 0.8
 823  0 0.8
 824  0 0.8
 825  0 0.8
 826  0 0.8
 827  0 0.8
 828  0 0.8
 829  0 0.8
 830  0 0.8
 831  0 0.8
 832  0 0.8
 833  0 0.8
 834  0 0.8
 835  0 0.8
 836  0 0.8
 837  0 0.8
 838  0 0.8
 839  0 0.8
 840  0 0.8
 841  0 0.8
 842  0 0.8
 843  0 0.8
 844  0 0.8
 845  0 0.8
 846  0 0.8
 847  0 0.8
 848  0 0.8
 849  0 0.8
 850  0 0.8
 851  0 0.8
 852  0 0.8
 853  0 0.8
 854  0 0.8
 855  0 0.8
 856  0 0.8
 857  0 0.8
 858  0 0.8
 859  0 0.8
 860  0 0.8
 861  0 0.8
 862  0 0.8
 863  0 0.8
 864  0 0.8
 865  0 0.8
 866  0 0.8
 867  0 0.8
 868  0 0.8
 869  0 0.8
 870  0 0.8
 871  0 0.8
 872  0 0.8
 873  0 0.8
 874  0 0.8
 875  0 0.8
 876  0 0.8
 877  0 0.8
 878  0 0.8
 879  0 0.8
 880  0 0.8
 881  0 0.8
 882  0 0.8
 883  0 0.8
 884  0 0.8
 885  0 0.8
 886  0 0.8
 887  0 0.8
 888  0 0.8
 889  0 0.8
 890  0 0.8
 891  0 0.8
 892  0 0.8
 893  0 0.8
 894  0 0.8
 895  0 0.8
 896  0 0.8
 897  0 0.8
 898  0 0.8
 899  0 0.8
 900  0 0.8
 901  0 0.8
 902  0 0.8
 903  0 0.8
 904  0 0.8
 905  0 0.8
 906  0 0.8
 907  0 0.8
 908  0 0.8
 909  0 0.8
 910  0 0.8
 911  0 0.8
 912  0 0.8
 913  0 0.8
 914  0 0.8
 915  0 0.8
 916  0 0.8
 917  0 0.8
 918  0 0.8
 919  0 0.8
 920  0 0.8
 921  0 0.8
 922  0 0.8
 923  0 0.8
 924  0 0.8
 925  0 0.8
 926  0 0.8
 927  0 0.8
 928  0 0.8
 929  0 0.8
 930  0 0.8
 931  0 0.8
 932  0 0.8
 933  0 0.8
 934  0 0.8
 935  0 0.8
 936  0 0.8
 937  0 0.8
 938  0 0.8
 939  0 0.8
 940  0 0.8
 941  0 0.8
 942  0 0.8
 943  0 0.8
 944  0 0.8
 945  0 0.8
 946  0 0.8
 947  0 0.8
 948  0 0.8
 949  0 0.8
 950  0 0.8
 951  0 0.8
 952  0 0.8
 953  0 0.8
 954  0 0.8
 955  0 0.8
 956  0 0.8
 957  0 0.8
 958  0 0.8
 959  0 0.8
 960  0 0.8
 961  0 0.8
 962  0 0.8
 963  0 0.8
 964  0 0.8
 965  0 0.8
 966  0 0.8
 967  0 0.8
 968  0 0.8
 969  0 0.8
 970  0 0.8
 971  0 0.8
 972  0 0.8
 973  0 0.8
 974  0 0.8
 975  0 0.8
 976  0 0.8
 977  0 0.8
 978  0 0.8
 979  0 0.8
 980  0 0.8
 981  0 0.8
 982  0 0.8
 983  0 0.8
 984  0 0.8
 985  0 0.8
 986  0 0.8
 987  0 0.8
 988  0 0.8
 989  0 0.8
 990  0 0.8
 991  0 0.8
 992  0 0.8
 993  0 0.8
 994  0 0.8
 995  0 0.8
 996  0 0.8
 997  0 0.8
 998  0 0.8
 999  0 0.8
1000  0 0.8
1001  0 0.8
1002  0 0.8
1003  0 0.8
1004  0 0.8
1005  0 0.8
1006  0 0.8
1007  0 0.8
1008  0 0.8
1009  0 0.8
1010  0 0.8
1011  0 0.8
1012  0 0.8
1013  0 0.8
1014  0 0.8
1015  1 0.8
1016  0 0.8
1017  0 0.8
1018  0 0.8
1019  0 0.8
1020  0 0.8
1021  0 0.8
1022  0 0.8
1023  0 0.8
1024  0 0.8
1025  0 0.8
1026  0 0.8
1027  0 0.8
1028  0 0.8
1029  0 0.8
1030  0 0.8
1031  0 0.8
1032  0 0.8
1033  0 0.8
1034  0 0.8
1035  0 0.8
1036  0 0.8
1037  0 0.8
1038  0 0.8
1039  0 0.8
1040  0 0.8
1041  0 0.8
1042  0 0.8
1043  0 0.8
1044  0 0.8
1045  0 0.8
1046  0 0.8
1047  0 0.8
1048  0 0.8
1049  0 0.8
1050  0 0.8
1051  0 0.8
1052  0 0.8
1053  0 0.8
1054  0 0.8
1055  0 0.8
1056  0 0.8
1057  0 0.8
1058  0 0.8
1059  0 0.8
1060  0 0.8
1061  0 0.8
1062  0 0.8
1063  0 0.8
1064  0 0.8
1065  0 0.8
1066  0 0.8
1067  0 0.8
1068  0 0.8
1069  0 0.8
1070  0 0.8
1071  0 0.8
1072  0 0.8
1073  0 0.8
1074  0 0.8
1075  0 0.8
1076  0 0.8
1077  0 0.8
1078  0 0.8
1079  0 0.8
1080  0 0.8
1081  0 0.8
1082  0 0.8
1083  0 0.8
1084  0 0.8
1085  0 0.8
1086  0 0.8
1087  0 0.8
1088  0 0.8
1089  0 0.8
1090  0 0.8
1091  0 0.8
1092  0 0.8
1093  0 0.8
1094  0 0.8
1095  0 0.8
1096  0 0.8
1097  0 0.8
1098  0 0.8
1099  0 0.8
1100  0 0.8
1101  0 0.8
1102  0 0.8
1103  0 0.8
1104  0 0.8
1105  0 0.8
1106  0 0.8
1107  0 0.8
1108  0 0.8
1109  0 0.8
1110  0 0.8
1111  0 0.8
1112  0 0.8
1113  0 0.8
1114  0 0.8
1115  0 0.8
1116  0 0.8
1117  0 0.8
1118  0 0.8
1119  0 0.8
1120  0 0.8
1121  0 0.8
1122  0 0.8
1123  0 0.8
1124  0 0.8
1125  0 0.8
1126  0 0.8
1127  0 0.8
1128  0 0.8
1129  0 0.8
1130  0 0.8
1131  0 0.8
1132  0 0.8
1133  0 0.8
1134  0 0.8
1135  0 0.8
1136  0 0.8
1137  0 0.8
1138  0 0.8
1139  0 0.8
1140  0 0.8
1141  0 0.8
1142  0 0.8
1143  0 0.8
1144  0 0.8
1145  0 0.8
1146  0 0.8
1147  0 0.8
1148  0 0.8
1149  0 0.8
1150  0 0.8
1151  0 0.8
1152  0 0.8
1153  0 0.8
1154  0 0.8
1155  0 0.8
1156  0 0.8
1157  0 0.8
1158  0 0.8
1159  0 0.8
1160  0 0.8
1161  0 0.8
1162  0 0.8
1163  0 0.8
1164  0 0.8
1165  0 0.8
1166  0 0.8
1167  0 0.8
1168  0 0.8
1169  0 0.8
1170  0 0.8
1171  0 0.8
1172  0 0.8
1173  0 0.8
1174  0 0.8
1175  0 0.8
1176  0 0.8
1177  0 0.8
1178  0 0.8
1179  0 0.8
1180  0 0.8
1181  0 0.8
1182  0 0.8
1183  0 0.8
1184  0 0.8
1185  0 0.8
1186  0 0.8
1187  0 0.8
1188  0 0.8
1189  0 0.8
1190  0 0.8
1191  0 0.8
1192  0 0.8
1193  0 0.8
1194  0 0.8
1195  0 0.8
1196  0 0.8
1197  0 0.8
1198  0 0.8
1199  0 0.8
1200  0 0.8
1201  0 0.8
1202  0 0.8
1203  0 0.8
1204  0 0.8
1205  0 0.8
1206  0 0.8
1207  0 0.8
1208  0 0.8
1209  0 0.8
1210  0 0.8
1211  0 0.8
1212  0 0.8
1213  0 0.8
1214  0 0.8
1215  0 0.8
1216  0 0.8
1217  0 0.8
1218  0 0.8
1219  0 0.8
1220  0 0.8
1221  0 0.8
1222  0 0.8
1223  0 0.8
1224  0 0.8
1225  0 0.8
1226  0 0.8
1227  0 0.8
1228  0 0.8
1229  0 0.8
1230  0 0.8
1231  0 0.8
1232  0 0.8
1233  0 0.8
1234  0 0.8
1235  0 0.8
1236  0 0.8
1237  0 0.8
1238  0 0.8
1239  0 0.8
1240  0 0.8
1241  0 0.8
1242  0 0.8
1243  0 0.8
1244  0 0.8
1245  0 0.8
1246  0 0.8
1247  0 0.8
1248  0 0.8
1249  0 0.8
1250  0 0.8
1251  0 0.8
1252  0 0.8
1253  0 0.8
1254  0 0.8
1255  0 0.8
1256  0 0.8
1257  0 0.8
1258  0 0.8
1259  0 0.8
1260  0 0.8
1261  0 0.8
1262  0 0.8
1263  0 0.8
1264  0 0.8
1265  0 0.8
1266  0 0.8
1267  0 0.8
1268  0 0.8
1269  0 0.8
1270  0 0.8
1271  0 0.8
1272  0 0.8
1273  0 0.8
1274  0 0.8
1275  0 0.8
1276  0 0.8
1277  0 0.8
1278  0 0.8
1279  0 0.8
1280  0 0.8
1281  0 0.8
1282  0 0.8
1283  0 0.8
1284  0 0.8
1285  0 0.8
1286  0 0.8
1287  0 0.8
1288  0 0.8
1289  0 0.8
1290  0 0.8
1291  0 0.8
1292  0 0.8
1293  0 0.8
1294  0 0.8
1295  0 0.8
1296  0 0.8
1297  0 0.8
1298  0 0.8
1299  0 0.8
1300  0 0.8
1301  0 0.8
1302  0 0.8
1303  0 0.8
1304  0 0.8
1305  0 0.8
1306  0 0.8
1307  0 0.8
1308  0 0.8
1309  0 0.8
1310  0 0.8
1311  0 0.8
1312  0 0.8
1313  0 0.8
1314  0 0.8
1315  0 0.8
1316  0 0.8
1317  0 0.8
1318  0 0.8
1319  0 0.8
1320  0 0.8
1321  0 0.8
1322  0 0.8
1323  0 0.8
1324  0 0.8
1325  0 0.8
1326  0 0.8
1327  0 0.8
1328  0 0.8
1329  0 0.8
1330  0 0.8
1331  0 0.8
1332  0 0.8
1333  0 0.8
1334  0 0.8
1335  0 0.8
1336  0 0.8
1337  0 0.8
1338  0 0.8
1339  0 0.8
1340  0 0.8
1341  0 0.8
1342  0 0.8
1343  0 0.8
1344  0 0.8
1345  0 0.8
1346  0 0.8
1347  0 0.8
1348  0 0.8
1349  0 0.8
1350  0 0.8
1351  0 0.8
1352  0 0.8
1353  0 0.8
1354  0 0.8
1355  0 0.8
1356  0 0.8
1357  0 0.8
1358  0 0.8
1359  0 0.8
1360  0 0.8
1361  0 0.8
1362  0 0.8
1363  0 0.8
1364  0 0.8
1365  0 0.8
1366  0 0.8
1367  0 0.8
1368  0 0.8
1369  0 0.8
1370  0 0.8
1371  0 0.8
1372  0 0.8
1373  0 0.8
1374  0 0.8
1375  0 0.8
1376  0 0.8
1377  0 0.8
1378  0 0.8
1379  0 0.8
1380  0 0.8
1381  0 0.8
1382  0 0.8
1383  0 0.8
1384  0 0.8
1385  0 0.8
1386  0 0.8
1387  0 0.8
1388  0 0.8
1389  0 0.8
1390  0 0.8
1391  0 0.8
1392  0 0.8
1393  0 0.8
1394  0 0.8
1395  0 0.8
1396  0 0.8
1397  0 0.8
1398  0 0.8
1399  0 0.8
1400  0 0.8
1401  0 0.8
1402  0 0.8
1403  0 0.8
1404  0 0.8
1405  0 0.8
1406  0 0.8
1407  0 0.8
1408  0 0.8
1409  0 0.8
1410  0 0.8
1411  0 0.8
1412  0 0.8
1413  0 0.8
1414  0 0.8
1415  0 0.8
1416  0 0.8
1417  0 0.8
1418  0 0.8
1419  0 0.8
1420  0 0.8
1421  0 0.8
1422  0 0.8
1423  0 0.8
1424  0 0.8
1425  0 0.8
1426  0 0.8
1427  0 0.8
1428  0 0.8
1429  0 0.8
1430  0 0.8
1431  0 0.8
1432  0 0.8
1433  0 0.8
1434  0 0.8
1435  0 0.8
1436  0 0.8
1437  0 0.8
1438  0 0.8
1439  0 0.8
1440  0 0.8
1441  0 0.8
1442  0 0.8
1443  0 0.8
1444  0 0.8
1445  0 0.8
1446  0 0.8
1447  0 0.8
1448  0 0.8
1449  0 0.8
1450  0 0.8
1451  0 0.8
1452  0 0.8
1453  0 0.8
1454  0 0.8
1455  0 0.8
1456  0 0.8
1457  0 0.8
1458  0 0.8
1459  0 0.8
1460  0 0.8
1461  0 0.8
1462  0 0.8
1463  0 0.8
1464  0 0.8
1465  0 0.8
1466  0 0.8
1467  0 0.8
1468  0 0.8
1469  0 0.8
1470  0 0.8
1471  0 0.8
1472  0 0.8
1473  0 0.8
1474  0 0.8
1475  0 0.8
1476  0 0.8
1477  0 0.8
1478  0 0.8
1479  0 0.8
1480  0 0.8
1481  0 0.8
1482  0 0.8
1483  0 0.8
1484  0 0.8
1485  0 0.8
1486  0 0.8
1487  0 0.8
1488  0 0.8
1489  0 0.8
1490  0 0.8
1491  0 0.8
1492  0 0.8
1493  0 0.8
1494  0 0.8
1495  0 0.8
1496  0 0.8
1497  0 0.8
1498  0 0.8
1499  0 0.8
1500  0 0.8
1501  0 0.8
1502  0 0.8
1503  0 0.8
1504  0 0.8
1505  0 0.8
1506  0 0.8
1507  0 0.8
1508  0 0.8
1509  0 0.8
1510  0 0.8
1511  0 0.8
1512  0 0.8
1513  0 0.8
1514  0 0.8
1515  0 0.8
1516  0 0.8
1517  0 0.8
1518  0 0.8
1519  0 0.8
1520  0 0.8
1521  0 0.8
1522  0 0.8
1523  0 0.8
1524  0 0.8
1525  0 0.8
1526  0 0.8
1527  0 0.8
1528  0 0.8
1529  0 0.8
1530  0 0.8
1531  0 0.8
1532  0 0.8
1533  0 0.8
1534  0 0.8
1535  0 0.8
1536  0 0.8
1537  0 0.8
1538  0 0.8
1539  0 0.8
1540  0 0.8
1541  0 0.8
1542  0 0.8
1543  0 0.8
1544  0 0.8
1545  0 0.8
1546  0 0.8
1547  0 0.8
1548  0 0.8
1549  0 0.8
1550  0 0.8
1551  0 0.8
1552  0 0.8
1553  0 0.8
1554  0 0.8
1555  0 0.8
1556  0 0.8
1557  0 0.8
1558  0 0.8
1559  0 0.8
1560  0 0.8
1561  0 0.8
1562  0 0.8
1563  0 0.8
1564  0 0.8
1565  0 0.8
1566  0 0.8
1567  0 0.8
1568  0 0.8
1569  0 0.8
1570  0 0.8
1571  0 0.8
1572  0 0.8
1573  0 0.8
1574  0 0.8
1575  0 0.8
1576  0 0.8
1577  0 0.8
1578  0 0.8
1579  0 0.8
1580  0 0.8
1581  0 0.8
1582  0 0.8
1583  0 0.8
1584  0 0.8
1585  0 0.8
1586  0 0.8
1587  0 0.8
1588  0 0.8
1589  0 0.8
1590  0 0.8
1591  0 0.8
1592  0 0.8
1593  0 0.8
1594  0 0.8
1595  0 0.8
1596  0 0.8
1597  0 0.8
1598  0 0.8
1599  0 0.8
1600  0 0.8
1601  0 0.8
1602  0 0.8
1603  0 0.8
1604  0 0.8
1605  0 0.8
1606  0 0.8
1607  0 0.8
1608  0 0.8
1609  0 0.8
1610  0 0.8
1611  0 0.8
1612  0 0.8
1613  0 0.8
1614  0 0.8
1615  0 0.8
1616  0 0.8
1617  0 0.8
1618  0 0.8
1619  0 0.8
1620  0 0.8
1621  0 0.8
1622  0 0.8
1623  0 0.8
1624  0 0.8
1625  0 0.8
1626  0 0.8
1627  0 0.8
1628  0 0.8
1629  0 0.8
1630  0 0.8
1631  0 0.8
1632  0 0.8
1633  0 0.8
1634  0 0.8
1635  0 0.8
1636  0 0.8
1637  0 0.8
1638  0 0.8
1639  0 0.8
1640  0 0.8
1641  0 0.8
1642  0 0.8
1643  0 0.8
1644  0 0.8
1645  0 0.8
1646  0 0.8
1647  0 0.8
1648  0 0.8
1649  0 0.8
1650  0 0.8
1651  0 0.8
1652  0 0.8
1653  0 0.8
1654  0 0.8
1655  0 0.8
1656  0 0.8
1657  0 0.8
1658  0 0.8
1659  0 0.8
1660  0 0.8
1661  0 0.8
1662  0 0.8
1663  0 0.8
1664  0 0.8
1665  0 0.8
1666  0 0.8
1667  0 0.8
1668  0 0.8
1669  0 0.8
1670  0 0.8
1671  0 0.8
1672  0 0.8
1673  0 0.8
1674  0 0.8
1675  0 0.8
1676  0 0.8
1677  0 0.8
1678  0 0.8
1679  0 0.8
1680  0 0.8
1681  0 0.8
1682  0 0.8
1683  0 0.8
1684  0 0.8
1685  0 0.8
1686  0 0.8
1687  0 0.8
1688  0 0.8
1689  0 0.8
1690  0 0.8
1691  0 0.8
1692  0 0.8
1693  0 0.8
1694  0 0.8
1695  0 0.8
1696  0 0.8
1697  0 0.8
1698  0 0.8
1699  0 0.8
1700  0 0.8
1701  0 0.8
1702  0 0.8
1703  0 0.8
1704  0 0.8
1705  0 0.8
1706  0 0.8
1707  0 0.8
1708  0 0.8
1709  0 0.8
1710  0 0.8
1711  0 0.8
1712  0 0.8
1713  0 0.8
1714  0 0.8
1715  0 0.8
1716  0 0.8
1717  0 0.8
1718  0 0.8
1719  0 0.8
1720  0 0.8
1721  0 0.8
1722  0 0.8
1723  0 0.8
1724  0 0.8
1725  0 0.8
1726  0 0.8
1727  0 0.8
1728  0 0.8
1729  0 0.8
1730  0 0.8
1731  0 0.8
1732  0 0.8
1733  0 0.8
1734  0 0.8
1735  0 0.8
1736  0 0.8
1737  0 0.8
1738  0 0.8
1739  0 0.8
1740  0 0.8
1741  0 0.8
1742  0 0.8
1743  0 0.8
1744  0 0.8
1745  0 0.8
1746  0 0.8
1747  0 0.8
1748  0 0.8
1749  0 0.8
1750  0 0.8
1751  0 0.8
1752  0 0.8
1753  0 0.8
1754  0 0.8
1755  0 0.8
1756  0 0.8
1757  0 0.8
1758  0 0.8
1759  0 0.8
1760  0 0.8
1761  0 0.8
1762  0 0.8
1763  0 0.8
1764  0 0.8
1765  0 0.8
1766  0 0.8
1767  0 0.8
1768  0 0.8
1769  0 0.8
1770  0 0.8
1771  0 0.8
1772  0 0.8
1773  0 0.8
1774  0 0.8
1775  0 0.8
1776  0 0.8
1777  0 0.8
1778  0 0.8
1779  0 0.8
1780  0 0.8
1781  0 0.8
1782  0 0.8
1783  0 0.8
1784  0 0.8
1785  0 0.8
1786  0 0.8
1787  0 0.8
1788  0 0.8
1789  0 0.8
1790  0 0.8
1791  0 0.8
1792  0 0.8
1793  0 0.8
1794  0 0.8
1795  0 0.8
1796  0 0.8
1797  0 0.8
1798  0 0.8
1799  0 0.8
1800  0 0.8
1801  0 0.8
1802  0 0.8
1803  0 0.8
1804  0 0.8
1805  0 0.8
1806  0 0.8
1807  0 0.8
1808  0 0.8
1809  0 0.8
1810  0 0.8
1811  0 0.8
1812  0 0.8
1813  0 0.8
1814  0 0.8
1815  0 0.8
1816  0 0.8
1817  0 0.8
1818  0 0.8
1819  0 0.8
1820  0 0.8
1821  0 0.8
1822  0 0.8
1823  0 0.8
1824  0 0.8
1825  0 0.8
1826  0 0.8
1827  0 0.8
1828  0 0.8
1829  0 0.8
1830  0 0.8
1831  0 0.8
1832  0 0.8
1833  0 0.8
1834  0 0.8
1835  0 0.8
1836  0 0.8
1837  0 0.8
1838  0 0.8
1839  0 0.8
1840  0 0.8
1841  0 0.8
1842  0 0.8
1843  0 0.8
1844  0 0.8
1845  0 0.8
1846  0 0.8
1847  0 0.8
1848  0 0.8
1849  0 0.8
1850  0 0.8
1851  0 0.8
1852  0 0.8
1853  0 0.8
1854  0 0.8
1855  0 0.8
1856  0 0.8
1857  0 0.8
1858  0 0.8
1859  0 0.8
1860  0 0.8
1861  0 0.8
1862  0 0.8
1863  0 0.8
1864  0 0.8
1865  0 0.8
1866  0 0.8
1867  0 0.8
1868  0 0.8
1869  0 0.8
1870  0 0.8
1871  0 0.8
1872  0 0.8
1873  0 0.8
1874  0 0.8
1875  0 0.8
1876  0 0.8
1877  0 0.8
1878  0 0.8
1879  0 0.8
1880  0 0.8
1881  0 0.8
1882  0 0.8
1883  0 0.8
1884  0 0.8
1885  0 0.8
1886  0 0.8
1887  0 0.8
1888  0 0.8
1889  0 0.8
1890  0 0.8
1891  0 0.8
1892  0 0.8
1893  0 0.8
1894  0 0.8
1895  0 0.8
1896  0 0.8
1897  0 0.8
1898  0 0.8
1899  0 0.8
1900  0 0.8
1901  0 0.8
1902  0 0.8
1903  0 0.8
1904  0 0.8
1905  0 0.8
1906  0 0.8
1907  0 0.8
1908  0 0.8
1909  0 0.8
1910  0 0.8
1911  0 0.8
1912  0 0.8
1913  0 0.8
1914  0 0.8
1915  0 0.8
1916  0 0.8
1917  0 0.8
1918  0 0.8
1919  0 0.8
1920  0 0.8
1921  0 0.8
1922  0 0.8
1923  0 0.8
1924  0 0.8
1925  0 0.8
1926  0 0.8
1927  0 0.8
1928  0 0.8
1929  0 0.8
1930  0 0.8
1931  0 0.8
1932  0 0.8
1933  0 0.8
1934  0 0.8
1935  0 0.8
1936  0 0.8
1937  1 0.8
1938  0 0.8
1939  0 0.8
1940  0 0.8
1941  0 0.8
1942  0 0.8
1943  0 0.8
1944  0 0.8
1945  0 0.8
1946  0 0.8
1947  0 0.8
1948  0 0.8
1949  0 0.8
1950  0 0.8
1951  0 0.8
1952  0 0.8
1953  0 0.8
1954  0 0.8
1955  0 0.8
1956  0 0.8
1957  0 0.8
1958  0 0.8
1959  0 0.8
1960  0 0.8
1961  0 0.8
1962  0 0.8
1963  0 0.8
1964  0 0.8
1965  0 0.8
1966  0 0.8
1967  0 0.8
1968  0 0.8
1969  0 0.8
1970  0 0.8
1971  0 0.8
1972  0 0.8
1973  0 0.8
1974  0 0.8
1975  0 0.8
1976  0 0.8
1977  0 0.8
1978  0 0.8
1979  0 0.8
1980  0 0.8
1981  0 0.8
1982  0 0.8
1983  0 0.8
1984  0 0.8
1985  0 0.8
1986  0 0.8
1987  0 0.8
1988  0 0.8
1989  0 0.8
1990  0 0.8
1991  0 0.8
1992  0 0.8
1993  0 0.8
1994  0 0.8
1995  0 0.8
1996  0 0.8
1997  0 0.8
1998  0 0.8
1999  0 0.8
2000  0 0.8
2001  0 0.8
2002  0 0.8
2003  0 0.8
2004  0 0.8
2005  0 0.8
2006  0 0.8
2007  0 0.8
2008  0 0.8
2009  0 0.8
2010  0 0.8
2011  0 0.8
2012  0 0.8
2013  0 0.8
2014  0 0.8
2015  0 0.8
2016  0 0.8
2017  0 0.8
2018  0 0.8
2019  0 0.8
2020  0 0.8
2021  0 0.8
2022  0 0.8
2023  0 0.8
2024  0 0.8
2025  0 0.8
2026  0 0.8
2027  0 0.8
2028  0 0.8
2029  0 0.8
2030  0 0.8
2031  0 0.8
2032  0 0.8
2033  0 0.8
2034  0 0.8
2035  0 0.8
2036  0 0.8
2037  0 0.8
2038  0 0.8
2039  0 0.8
2040  0 0.8
2041  0 0.8
2042  0 0.8
2043  0 0.8
2044  0 0.8
2045  0 0.8
2046  0 0.8
2047  0 0.8
2048  0 0.8
2049  0 0.8
2050  0 0.8
2051  0 0.8
2052  0 0.8
2053  0 0.8
2054  0 0.8
2055  0 0.8
2056  0 0.8
2057  0 0.8
2058  0 0.8
2059  0 0.8
2060  0 0.8
2061  0 0.8
2062  0 0.8
2063  0 0.8
2064  0 0.8
2065  0 0.8
2066  0 0.8
2067  0 0.8
2068  0 0.8
2069  0 0.8
2070  0 0.8
2071  0 0.8
2072  0 0.8
2073  0 0.8
2074  0 0.8
2075  0 0.8
2076  0 0.8
2077  0 0.8
2078  0 0.8
2079  0 0.8
2080  0 0.8
2081  0 0.8
2082  0 0.8
2083  0 0.8
2084  0 0.8
2085  0 0.8
2086  0 0.8
2087  0 0.8
2088  0 0.8
2089  0 0.8
2090  0 0.8
2091  0 0.8
2092  0 0.8
2093  0 0.8
2094  0 0.8
2095  0 0.8
2096  0 0.8
2097  0 0.8
2098  0 0.8
2099  0 0.8
2100  0 0.8
2101  0 0.8
2102  0 0.8
2103  0 0.8
2104  0 0.8
2105  0 0.8
2106  0 0.8
2107  0 0.8
2108  0 0.8
2109  0 0.8
2110  0 0.8
2111  0 0.8
2112  0 0.8
2113  0 0.8
2114  0 0.8
2115  0 0.8
2116  0 0.8
2117  0 0.8
2118  0 0.8
2119  0 0.8
2120  0 0.8
2121  0 0.8
2122  0 0.8
2123  0 0.8
2124  0 0.8
2125  0 0.8
2126  0 0.8
2127  0 0.8
2128  0 0.8
2129  0 0.8
2130  0 0.8
2131  0 0.8
2132  0 0.8
2133  0 0.8
2134  0 0.8
2135  0 0.8
2136  0 0.8
2137  0 0.8
2138  0 0.8
2139  0 0.8
2140  0 0.8
2141  0 0.8
2142  0 0.8
2143  0 0.8
2144  0 0.8
2145  0 0.8
2146  0 0.8
2147  0 0.8
2148  0 0.8
2149  0 0.8
2150  0 0.8
2151  0 0.8
2152  0 0.8
2153  0 0.8
2154  0 0.8
2155  0 0.8
2156  0 0.8
2157  0 0.8
2158  0 0.8
2159  0 0.8
2160  0 0.8
2161  0 0.8
2162  0 0.8
2163  0 0.8
2164  0 0.8
2165  0 0.8
2166  0 0.8
2167  0 0.8
2168  0 0.8
2169  0 0.8
2170  0 0.8
2171  0 0.8
2172  0 0.8
2173  0 0.8
2174  0 0.8
2175  0 0.8
2176  0 0.8
2177  0 0.8
2178  0 0.8
2179  0 0.8
2180  0 0.8
2181  0 0.8
2182  0 0.8
2183  0 0.8
2184  0 0.8
2185  0 0.8
2186  0 0.8
2187  0 0.8
2188  0 0.8
2189  0 0.8
2190  0 0.8
2191  0 0.8
2192  0 0.8
2193  0 0.8
2194  0 0.8
2195  0 0.8
2196  0 0.8
2197  0 0.8
2198  0 0.8
2199  0 0.8
2200  0 0.8
2201  0 0.8
2202  0 0.8
2203  0 0.8
2204  0 0.8
2205  0 0.8
2206  0 0.8
2207  0 0.8
2208  0 0.8
2209  0 0.8
2210  0 0.8
2211  0 0.8
2212  0 0.8
2213  0 0.8
2214  0 0.8
2215  0 0.8
2216  0 0.8
2217  0 0.8
2218  0 0.8
2219  0 0.8
2220  0 0.8
2221  0 0.8
2222  0 0.8
2223  0 0.8
2224  0 0.8
2225  0 0.8
2226  0 0.8
2227  0 0.8
2228  0 0.8
2229  0 0.8
2230  0 0.8
2231  0 0.8
2232  0 0.8
2233  0 0.8
2234  0 0.8
2235  0 0.8
2236  0 0.8
2237  0 0.8
2238  0 0.8
2239  0 0.8
2240  0 0.8
2241  0 0.8
2242  0 0.8
2243  0 0.8
2244  0 0.8
2245  0 0.8
2246  0 0.8
2247  0 0.8
2248  0 0.8
2249  0 0.8
2250  0 0.8
2251  0 0.8
2252  0 0.8
2253  0 0.8
2254  0 0.8
2255  0 0.8
2256  0 0.8
2257  0 0.8
2258  0 0.8
2259  0 0.8
2260  0 0.8
2261  0 0.8
2262  0 0.8
2263  0 0.8
2264  0 0.8
2265  0 0.8
2266  0 0.8
2267  0 0.8
2268  0 0.8
2269  0 0.8
2270  0 0.8
2271  0 0.8
2272  0 0.8
2273  0 0.8
2274  0 0.8
2275  0 0.8
2276  0 0.8
2277  0 0.8
2278  0 0.8
2279  0 0.8
2280  0 0.8
2281  0 0.8
2282  0 0.8
2283  0 0.8
2284  0 0.8
2285  0 0.8
2286  0 0.8
2287  0 0.8
2288  0 0.8
2289  0 0.8
2290  0 0.8
2291  0 0.8
2292  0 0.8
2293  0 0.8
2294  0 0.8
2295  0 0.8
2296  0 0.8
2297  0 0.8
2298  0 0.8
2299  0 0.8
2300  0 0.8
2301  0 0.8
2302  0 0.8
2303  0 0.8
2304  0 0.8
2305  0 0.8
2306  0 0.8
2307  0 0.8
2308  0 0.8
2309  0 0.8
2310  0 0.8
2311  0 0.8
2312  0 0.8
2313  0 0.8
2314  0 0.8
2315  0 0.8
2316  0 0.8
2317  0 0.8
2318  0 0.8
2319  0 0.8
2320  0 0.8
2321  0 0.8
2322  0 0.8
2323  0 0.8
2324  0 0.8
2325  0 0.8
2326  0 0.8
2327  0 0.8
2328  0 0.8
2329  0 0.8
2330  0 0.8
2331  0 0.8
2332  0 0.8
2333  0 0.8
2334  0 0.8
2335  0 0.8
2336  0 0.8
2337  0 0.8
2338  0 0.8
2339  0 0.8
2340  0 0.8
2341  0 0.8
2342  0 0.8
2343  0 0.8
2344  0 0.8
2345  0 0.8
2346  0 0.8
2347  0 0.8
2348  0 0.8
2349  0 0.8
2350  0 0.8
2351  0 0.8
2352  0 0.8
2353  0 0.8
2354  0 0.8
2355  0 0.8
2356  1 0.8
2357  0 0.8
2358  0 0.8
2359  0 0.8
2360  0 0.8
2361  0 0.8
2362  0 0.8
2363  0 0.8
2364  0 0.8
2365  0 0.8
2366  0 0.8
2367  0 0.8
2368  0 0.8
2369  0 0.8
2370  0 0.8
2371  0 0.8
2372  0 0.8
2373  0 0.8
2374  0 0.8
2375  0 0.8
2376  1 0.8
2377  0 0.8
2378  0 0.8
