    0.218000E+03    0.595280E+02    0.000000E+00    0.280403E+03    0.990138E+05    0.279638E+03    0.526393E-02   -0.269568E+01    0.388115E+01
    0.224862E+03    0.235346E+03    0.240875E+03    0.243030E+03    0.233404E+03    0.222179E+03    0.217674E+03    0.219793E+03    0.223186E+03    0.223167E+03
    0.222901E+03    0.221320E+03    0.218260E+03    0.214324E+03    0.214132E+03    0.214691E+03    0.214680E+03    0.214434E+03    0.214418E+03    0.215279E+03
    0.217548E+03    0.219110E+03    0.220570E+03    0.221714E+03    0.221479E+03    0.221467E+03    0.223122E+03    0.222374E+03    0.222233E+03    0.219701E+03
    0.213413E+03    0.212026E+03    0.218124E+03    0.223956E+03    0.230128E+03    0.235599E+03    0.240578E+03    0.244548E+03    0.247341E+03    0.249699E+03
    0.252380E+03    0.255309E+03    0.258159E+03    0.260809E+03    0.263503E+03    0.266015E+03    0.267994E+03    0.269632E+03    0.270884E+03    0.271898E+03
    0.273043E+03    0.274071E+03    0.274980E+03    0.275734E+03    0.276617E+03    0.277518E+03    0.278161E+03    0.278740E+03    0.279105E+03    0.279462E+03
    0.382148E-05    0.382737E-05    0.383970E-05    0.385575E-05    0.383727E-05    0.376598E-05    0.347469E-05    0.325178E-05    0.326869E-05    0.325496E-05
    0.324230E-05    0.309995E-05    0.302532E-05    0.280598E-05    0.241837E-05    0.224489E-05    0.225811E-05    0.223296E-05    0.220033E-05    0.219184E-05
    0.219158E-05    0.217088E-05    0.214315E-05    0.210987E-05    0.209132E-05    0.199933E-05    0.193543E-05    0.202588E-05    0.214839E-05    0.358637E-05
    0.959816E-05    0.225767E-04    0.440779E-04    0.813308E-04    0.161007E-03    0.274052E-03    0.414879E-03    0.551771E-03    0.633063E-03    0.741523E-03
    0.901772E-03    0.102047E-02    0.125057E-02    0.173531E-02    0.222833E-02    0.259344E-02    0.297594E-02    0.331688E-02    0.359743E-02    0.394682E-02
    0.424325E-02    0.446197E-02    0.467052E-02    0.485387E-02    0.498196E-02    0.502303E-02    0.505975E-02    0.509022E-02    0.511849E-02    0.516813E-02
    0.000000E+00    0.000000E+00    0.000000E+00    0.000000E+00    0.000000E+00    0.000000E+00    0.000000E+00    0.000000E+00    0.000000E+00    0.000000E+00
    0.000000E+00    0.000000E+00    0.000000E+00    0.000000E+00    0.000000E+00    0.000000E+00    0.000000E+00    0.000000E+00    0.000000E+00    0.000000E+00
    0.000000E+00    0.000000E+00    0.000000E+00    0.000000E+00    0.000000E+00    0.000000E+00    0.000000E+00    0.000000E+00    0.000000E+00    0.000000E+00
    0.000000E+00    0.100000E+01    0.757812E+00    0.484375E+00    0.875000E+00    0.100000E+01    0.828125E+00    0.414062E+00    0.101562E+00    0.109375E+00
    0.101562E+00    0.164062E+00    0.203125E+00    0.195312E+00    0.296875E+00    0.242188E+00    0.265625E+00    0.390625E+00    0.601562E+00    0.781250E+00
    0.890625E+00    0.960938E+00    0.882812E+00    0.617188E+00    0.000000E+00    0.000000E+00    0.000000E+00    0.000000E+00    0.000000E+00    0.000000E+00
    0.000000E+00    0.000000E+00    0.000000E+00    0.000000E+00    0.000000E+00    0.000000E+00    0.000000E+00    0.000000E+00    0.000000E+00    0.000000E+00
    0.000000E+00    0.000000E+00    0.000000E+00    0.000000E+00    0.000000E+00    0.000000E+00    0.000000E+00    0.000000E+00    0.000000E+00    0.000000E+00
    0.000000E+00    0.000000E+00    0.000000E+00    0.000000E+00    0.000000E+00    0.000000E+00    0.000000E+00    0.000000E+00    0.000000E+00    0.000000E+00
    0.000000E+00    0.000000E+00    0.000000E+00    0.000000E+00    0.000000E+00    0.000000E+00    0.000000E+00    0.000000E+00    0.000000E+00    0.000000E+00
    0.596046E-07    0.476837E-06    0.166893E-05    0.268221E-05    0.929832E-05    0.157952E-04    0.349879E-04    0.884533E-04    0.193745E-03    0.294298E-03
    0.304073E-03    0.194073E-03    0.101984E-03    0.360608E-04    0.107288E-05    0.119209E-05    0.834465E-06    0.655651E-06    0.357628E-06    0.119209E-06
    0.000000E+00    0.000000E+00    0.000000E+00    0.000000E+00    0.000000E+00    0.000000E+00    0.000000E+00    0.000000E+00    0.000000E+00    0.000000E+00
    0.000000E+00    0.000000E+00    0.000000E+00    0.000000E+00    0.000000E+00    0.000000E+00    0.000000E+00    0.000000E+00    0.000000E+00    0.000000E+00
    0.000000E+00    0.000000E+00    0.000000E+00    0.000000E+00    0.000000E+00    0.000000E+00    0.000000E+00    0.000000E+00    0.000000E+00    0.000000E+00
    0.000000E+00    0.181794E-05    0.363588E-05    0.318885E-05    0.905991E-05    0.247061E-04    0.250936E-04    0.920892E-05    0.116229E-05    0.134110E-06
    0.435114E-05    0.907481E-05    0.122786E-04    0.995398E-05    0.183880E-04    0.175163E-04    0.234023E-04    0.355393E-04    0.469089E-04    0.370890E-04
    0.342727E-05    0.000000E+00    0.000000E+00    0.000000E+00    0.000000E+00    0.000000E+00    0.000000E+00    0.000000E+00    0.000000E+00    0.000000E+00
    0.000000E+00    0.000000E+00    0.000000E+00    0.000000E+00    0.000000E+00    0.000000E+00    0.000000E+00    0.000000E+00    0.000000E+00    0.000000E+00
    0.000000E+00    0.000000E+00    0.000000E+00    0.000000E+00    0.000000E+00    0.000000E+00    0.000000E+00    0.000000E+00    0.000000E+00    0.000000E+00
    0.000000E+00    0.000000E+00    0.000000E+00    0.000000E+00    0.000000E+00    0.000000E+00    0.000000E+00    0.000000E+00    0.000000E+00    0.000000E+00
    0.000000E+00    0.000000E+00    0.000000E+00    0.000000E+00    0.000000E+00    0.868631E-09    0.000000E+00    0.144246E-08    0.889122E-08    0.000000E+00
    0.000000E+00    0.296714E-07    0.626314E-07    0.176602E-06    0.622647E-06    0.166499E-05    0.335496E-05    0.709806E-05    0.147845E-04    0.263834E-04
    0.440086E-04    0.677857E-04    0.719684E-04    0.726270E-04    0.718389E-04    0.706974E-04    0.692061E-04    0.677690E-04    0.671042E-04    0.661492E-04
    0.000000E+00    0.000000E+00    0.000000E+00    0.000000E+00    0.000000E+00    0.000000E+00    0.000000E+00    0.000000E+00    0.000000E+00    0.000000E+00
    0.000000E+00    0.000000E+00    0.000000E+00    0.000000E+00    0.000000E+00    0.000000E+00    0.000000E+00    0.000000E+00    0.000000E+00    0.000000E+00
    0.000000E+00    0.000000E+00    0.000000E+00    0.000000E+00    0.000000E+00    0.000000E+00    0.000000E+00    0.000000E+00    0.000000E+00    0.000000E+00
    0.000000E+00    0.447035E-07    0.238419E-06    0.387430E-06    0.953674E-06    0.369549E-05    0.703335E-05    0.822544E-05    0.798702E-05    0.742046E-05
    0.711664E-05    0.644402E-05    0.608948E-05    0.587967E-05    0.657883E-05    0.712728E-05    0.796234E-05    0.927667E-05    0.111253E-04    0.126111E-04
    0.128156E-04    0.000000E+00    0.000000E+00    0.363798E-08    0.996806E-08    0.291038E-08    0.000000E+00    0.000000E+00    0.000000E+00    0.442378E-08
    0.218667E+03    0.595280E+02    0.000000E+00    0.280356E+03    0.989504E+05    0.278232E+03    0.404787E-02   -0.616443E+01    0.491045E+01
    0.225295E+03    0.235707E+03    0.241537E+03    0.243232E+03    0.233672E+03    0.222419E+03    0.217762E+03    0.219450E+03    0.222849E+03    0.222977E+03
    0.223113E+03    0.221139E+03    0.218182E+03    0.214173E+03    0.213817E+03    0.214258E+03    0.214316E+03    0.214179E+03    0.214274E+03    0.215088E+03
    0.217332E+03    0.218924E+03    0.220346E+03    0.221449E+03    0.221293E+03    0.221204E+03    0.223029E+03    0.222215E+03    0.222081E+03    0.219554E+03
    0.213107E+03    0.211946E+03    0.218116E+03    0.224087E+03    0.230191E+03    0.235626E+03    0.240609E+03    0.244608E+03    0.247545E+03    0.249838E+03
    0.252622E+03    0.255526E+03    0.258175E+03    0.260745E+03    0.263282E+03    0.265723E+03    0.267756E+03    0.269127E+03    0.270341E+03    0.271183E+03
    0.271838E+03    0.272743E+03    0.273562E+03    0.274219E+03    0.274998E+03    0.275859E+03    0.276537E+03    0.277082E+03    0.277376E+03    0.277873E+03
    0.382205E-05    0.382714E-05    0.383949E-05    0.385741E-05    0.384155E-05    0.377811E-05    0.352448E-05    0.325440E-05    0.324890E-05    0.322504E-05
    0.320964E-05    0.310434E-05    0.302523E-05    0.283383E-05    0.242798E-05    0.224570E-05    0.224807E-05    0.223247E-05    0.220181E-05    0.219181E-05
    0.219193E-05    0.217225E-05    0.214495E-05    0.210952E-05    0.209155E-05    0.199467E-05    0.193636E-05    0.201331E-05    0.212790E-05    0.348206E-05
    0.101123E-04    0.223532E-04    0.450316E-04    0.801685E-04    0.160828E-03    0.274529E-03    0.427515E-03    0.603388E-03    0.750007E-03    0.878375E-03
    0.105579E-02    0.119094E-02    0.141722E-02    0.178347E-02    0.225694E-02    0.272338E-02    0.314331E-02    0.344563E-02    0.368278E-02    0.381379E-02
    0.383412E-02    0.353357E-02    0.332059E-02    0.330128E-02    0.345704E-02    0.355056E-02    0.361016E-02    0.366161E-02    0.371659E-02    0.382392E-02
    0.000000E+00    0.000000E+00    0.000000E+00    0.000000E+00    0.000000E+00    0.000000E+00    0.000000E+00    0.000000E+00    0.000000E+00    0.000000E+00
    0.000000E+00    0.000000E+00    0.000000E+00    0.000000E+00    0.000000E+00    0.000000E+00    0.000000E+00    0.000000E+00    0.000000E+00    0.000000E+00
    0.000000E+00    0.000000E+00    0.000000E+00    0.000000E+00    0.000000E+00    0.000000E+00    0.000000E+00    0.000000E+00    0.000000E+00    0.000000E+00
    0.000000E+00    0.100000E+01    0.867188E+00    0.265625E+00    0.593750E+00    0.100000E+01    0.984375E+00    0.100000E+01    0.507812E+00    0.851562E+00
    0.578125E+00    0.414062E+00    0.406250E+00    0.367188E+00    0.523438E+00    0.734375E+00    0.953125E+00    0.882812E+00    0.100000E+01    0.992188E+00
    0.648438E+00    0.468750E-01    0.312500E-01    0.234375E-01    0.234375E-01    0.156250E-01    0.000000E+00    0.000000E+00    0.000000E+00    0.000000E+00
    0.000000E+00    0.000000E+00    0.000000E+00    0.000000E+00    0.000000E+00    0.000000E+00    0.000000E+00    0.000000E+00    0.000000E+00    0.000000E+00
    0.000000E+00    0.000000E+00    0.000000E+00    0.000000E+00    0.000000E+00    0.000000E+00    0.000000E+00    0.000000E+00    0.000000E+00    0.000000E+00
    0.000000E+00    0.000000E+00    0.000000E+00    0.000000E+00    0.000000E+00    0.000000E+00    0.000000E+00    0.000000E+00    0.000000E+00    0.000000E+00
    0.000000E+00    0.000000E+00    0.000000E+00    0.000000E+00    0.000000E+00    0.000000E+00    0.000000E+00    0.000000E+00    0.000000E+00    0.000000E+00
    0.298023E-06    0.154972E-05    0.393391E-05    0.691414E-05    0.202060E-04    0.617504E-04    0.162840E-03    0.229388E-03    0.300318E-03    0.292361E-03
    0.114590E-03    0.389218E-04    0.249743E-04    0.147223E-04    0.751019E-05    0.366569E-05    0.101328E-05    0.000000E+00    0.000000E+00    0.000000E+00
    0.000000E+00    0.000000E+00    0.000000E+00    0.000000E+00    0.000000E+00    0.000000E+00    0.000000E+00    0.000000E+00    0.000000E+00    0.000000E+00
    0.000000E+00    0.000000E+00    0.000000E+00    0.000000E+00    0.000000E+00    0.000000E+00    0.000000E+00    0.000000E+00    0.000000E+00    0.000000E+00
    0.000000E+00    0.000000E+00    0.000000E+00    0.000000E+00    0.000000E+00    0.000000E+00    0.000000E+00    0.000000E+00    0.000000E+00    0.000000E+00
    0.000000E+00    0.220537E-05    0.309944E-05    0.199676E-05    0.512600E-05    0.214279E-04    0.254512E-04    0.202358E-04    0.563264E-05    0.420213E-05
    0.269562E-04    0.266135E-04    0.286251E-04    0.260770E-04    0.422150E-04    0.741631E-04    0.117339E-03    0.109419E-03    0.928789E-04    0.601783E-04
    0.151321E-04    0.155717E-05    0.000000E+00    0.000000E+00    0.000000E+00    0.000000E+00    0.000000E+00    0.000000E+00    0.000000E+00    0.000000E+00
    0.000000E+00    0.000000E+00    0.000000E+00    0.000000E+00    0.000000E+00    0.000000E+00    0.000000E+00    0.000000E+00    0.000000E+00    0.000000E+00
    0.000000E+00    0.000000E+00    0.000000E+00    0.000000E+00    0.000000E+00    0.000000E+00    0.000000E+00    0.000000E+00    0.000000E+00    0.000000E+00
    0.000000E+00    0.000000E+00    0.000000E+00    0.000000E+00    0.000000E+00    0.000000E+00    0.000000E+00    0.000000E+00    0.000000E+00    0.000000E+00
    0.000000E+00    0.000000E+00    0.000000E+00    0.000000E+00    0.000000E+00    0.868631E-09    0.000000E+00    0.144246E-08    0.889122E-08    0.000000E+00
    0.445289E-07    0.148881E-06    0.539469E-06    0.891858E-06    0.276841E-05    0.786387E-05    0.188522E-04    0.309399E-04    0.486399E-04    0.659609E-04
    0.707115E-04    0.687394E-04    0.762599E-04    0.988530E-04    0.918661E-04    0.864330E-04    0.816038E-04    0.777826E-04    0.752105E-04    0.737786E-04
    0.000000E+00    0.000000E+00    0.000000E+00    0.000000E+00    0.000000E+00    0.000000E+00    0.000000E+00    0.000000E+00    0.000000E+00    0.000000E+00
    0.000000E+00    0.000000E+00    0.000000E+00    0.000000E+00    0.000000E+00    0.000000E+00    0.000000E+00    0.000000E+00    0.000000E+00    0.000000E+00
    0.000000E+00    0.000000E+00    0.000000E+00    0.000000E+00    0.000000E+00    0.000000E+00    0.000000E+00    0.000000E+00    0.000000E+00    0.000000E+00
    0.000000E+00    0.596046E-07    0.268221E-06    0.357628E-06    0.655651E-06    0.286102E-05    0.560284E-05    0.822544E-05    0.882149E-05    0.968544E-05
    0.108121E-04    0.121661E-04    0.135997E-04    0.151184E-04    0.184700E-04    0.247405E-04    0.326089E-04    0.382743E-04    0.437290E-04    0.473904E-04
    0.478035E-04    0.454780E-04    0.300354E-04    0.363798E-08    0.996806E-08    0.291038E-08    0.000000E+00    0.000000E+00    0.000000E+00    0.442378E-08
    0.212500E+03    0.591768E+02    0.000000E+00    0.279512E+03    0.987950E+05    0.279154E+03    0.513088E-02    0.314417E+01    0.215947E+01
    0.221897E+03    0.233435E+03    0.237105E+03    0.238630E+03    0.228711E+03    0.221550E+03    0.220207E+03    0.223035E+03    0.225815E+03    0.225558E+03
    0.223364E+03    0.222629E+03    0.218070E+03    0.215495E+03    0.215595E+03    0.216713E+03    0.216496E+03    0.216170E+03    0.216243E+03    0.217166E+03
    0.219218E+03    0.220389E+03    0.222550E+03    0.223938E+03    0.222797E+03    0.222602E+03    0.224221E+03    0.224745E+03    0.224405E+03    0.221832E+03
    0.218277E+03    0.215407E+03    0.218093E+03    0.223681E+03    0.228304E+03    0.233088E+03    0.237978E+03    0.242441E+03    0.245631E+03    0.248203E+03
    0.251378E+03    0.254816E+03    0.258040E+03    0.260982E+03    0.263653E+03    0.266101E+03    0.268020E+03    0.268671E+03    0.269215E+03    0.270810E+03
    0.272656E+03    0.273564E+03    0.274820E+03    0.275756E+03    0.276551E+03    0.277344E+03    0.278014E+03    0.278422E+03    0.278796E+03    0.279019E+03
    0.381559E-05    0.382366E-05    0.383954E-05    0.382593E-05    0.378753E-05    0.357631E-05    0.334125E-05    0.333202E-05    0.342157E-05    0.339166E-05
    0.322260E-05    0.308001E-05    0.306589E-05    0.255749E-05    0.238816E-05    0.242231E-05    0.232435E-05    0.223410E-05    0.220842E-05    0.220031E-05
    0.218631E-05    0.216357E-05    0.213730E-05    0.211238E-05    0.207636E-05    0.198117E-05    0.191959E-05    0.207012E-05    0.210555E-05    0.278170E-05
    0.588032E-05    0.152602E-04    0.424984E-04    0.811818E-04    0.129595E-03    0.203778E-03    0.302584E-03    0.293086E-03    0.274601E-03    0.324052E-03
    0.312878E-03    0.502862E-03    0.814264E-03    0.123034E-02    0.161440E-02    0.177662E-02    0.198317E-02    0.243425E-02    0.307243E-02    0.333170E-02
    0.352322E-02    0.393078E-02    0.421132E-02    0.459018E-02    0.457427E-02    0.470402E-02    0.472882E-02    0.488470E-02    0.498164E-02    0.505225E-02
    0.000000E+00    0.000000E+00    0.000000E+00    0.000000E+00    0.000000E+00    0.000000E+00    0.000000E+00    0.000000E+00    0.000000E+00    0.000000E+00
    0.000000E+00    0.000000E+00    0.000000E+00    0.000000E+00    0.000000E+00    0.000000E+00    0.000000E+00    0.000000E+00    0.000000E+00    0.000000E+00
    0.000000E+00    0.000000E+00    0.000000E+00    0.000000E+00    0.000000E+00    0.000000E+00    0.000000E+00    0.000000E+00    0.000000E+00    0.000000E+00
    0.000000E+00    0.000000E+00    0.257812E+00    0.539062E+00    0.100000E+01    0.100000E+01    0.359375E+00    0.000000E+00    0.000000E+00    0.000000E+00
    0.000000E+00    0.000000E+00    0.000000E+00    0.000000E+00    0.000000E+00    0.000000E+00    0.000000E+00    0.140625E+00    0.398438E+00    0.273438E+00
    0.859375E-01    0.250000E+00    0.140625E+00    0.234375E-01    0.234375E-01    0.000000E+00    0.000000E+00    0.000000E+00    0.000000E+00    0.000000E+00
    0.000000E+00    0.000000E+00    0.000000E+00    0.000000E+00    0.000000E+00    0.000000E+00    0.000000E+00    0.000000E+00    0.000000E+00    0.000000E+00
    0.000000E+00    0.000000E+00    0.000000E+00    0.000000E+00    0.000000E+00    0.000000E+00    0.000000E+00    0.000000E+00    0.000000E+00    0.000000E+00
    0.000000E+00    0.000000E+00    0.000000E+00    0.000000E+00    0.000000E+00    0.000000E+00    0.000000E+00    0.000000E+00    0.000000E+00    0.000000E+00
    0.000000E+00    0.000000E+00    0.000000E+00    0.000000E+00    0.000000E+00    0.000000E+00    0.000000E+00    0.000000E+00    0.000000E+00    0.000000E+00
    0.000000E+00    0.000000E+00    0.000000E+00    0.000000E+00    0.596046E-07    0.107288E-05    0.143051E-05    0.148416E-04    0.537634E-04    0.503659E-05
    0.491738E-05    0.432134E-05    0.235438E-05    0.116229E-05    0.923872E-06    0.119209E-06    0.119209E-06    0.268221E-06    0.536442E-06    0.476837E-06
    0.000000E+00    0.000000E+00    0.000000E+00    0.000000E+00    0.000000E+00    0.000000E+00    0.000000E+00    0.000000E+00    0.000000E+00    0.000000E+00
    0.000000E+00    0.000000E+00    0.000000E+00    0.000000E+00    0.000000E+00    0.000000E+00    0.000000E+00    0.000000E+00    0.000000E+00    0.000000E+00
    0.000000E+00    0.000000E+00    0.000000E+00    0.000000E+00    0.000000E+00    0.000000E+00    0.000000E+00    0.000000E+00    0.000000E+00    0.000000E+00
    0.000000E+00    0.000000E+00    0.596046E-07    0.101328E-05    0.292063E-05    0.247359E-05    0.149012E-06    0.000000E+00    0.000000E+00    0.000000E+00
    0.000000E+00    0.000000E+00    0.000000E+00    0.000000E+00    0.149012E-06    0.113994E-05    0.938773E-06    0.791997E-05    0.241175E-04    0.120699E-05
    0.223517E-06    0.000000E+00    0.000000E+00    0.000000E+00    0.000000E+00    0.000000E+00    0.000000E+00    0.000000E+00    0.000000E+00    0.000000E+00
    0.000000E+00    0.000000E+00    0.000000E+00    0.000000E+00    0.000000E+00    0.000000E+00    0.000000E+00    0.000000E+00    0.000000E+00    0.000000E+00
    0.000000E+00    0.000000E+00    0.000000E+00    0.000000E+00    0.000000E+00    0.000000E+00    0.000000E+00    0.000000E+00    0.000000E+00    0.000000E+00
    0.000000E+00    0.000000E+00    0.000000E+00    0.000000E+00    0.000000E+00    0.000000E+00    0.000000E+00    0.000000E+00    0.000000E+00    0.000000E+00
    0.000000E+00    0.000000E+00    0.000000E+00    0.000000E+00    0.000000E+00    0.868631E-09    0.000000E+00    0.144246E-08    0.889122E-08    0.000000E+00
    0.000000E+00    0.296714E-07    0.626314E-07    0.000000E+00    0.000000E+00    0.234475E-06    0.255517E-06    0.422340E-06    0.956206E-06    0.492571E-05
    0.776896E-05    0.119958E-04    0.133174E-04    0.134992E-04    0.131880E-04    0.134769E-04    0.134161E-04    0.134096E-04    0.132216E-04    0.132203E-04
    0.000000E+00    0.000000E+00    0.000000E+00    0.000000E+00    0.000000E+00    0.000000E+00    0.000000E+00    0.000000E+00    0.000000E+00    0.000000E+00
    0.000000E+00    0.000000E+00    0.000000E+00    0.000000E+00    0.000000E+00    0.000000E+00    0.000000E+00    0.000000E+00    0.000000E+00    0.000000E+00
    0.000000E+00    0.000000E+00    0.000000E+00    0.000000E+00    0.000000E+00    0.000000E+00    0.000000E+00    0.000000E+00    0.000000E+00    0.000000E+00
    0.000000E+00    0.000000E+00    0.000000E+00    0.298023E-07    0.119209E-06    0.298023E-06    0.357628E-06    0.238419E-06    0.000000E+00    0.294884E-07
    0.000000E+00    0.672298E-08    0.980799E-08    0.000000E+00    0.223226E-07    0.153537E-06    0.243541E-06    0.306172E-06    0.605040E-06    0.149486E-05
    0.163970E-05    0.000000E+00    0.000000E+00    0.363798E-08    0.996806E-08    0.291038E-08    0.000000E+00    0.000000E+00    0.000000E+00    0.442378E-08
